cal500 1 1 1 1 2 21.84 100.00 0.00 0.00 -0.35 0.15 100.00 0.00 0.00 -0.65 0.27 100.00 12.51 100.00 16.20
cal500 1 1 1 1 4 21.84 100.00 0.00 0.00 -0.35 0.15 100.00 0.00 0.00 -0.65 0.27 100.00 12.51 100.00 16.20
cal500 1 1 1 1 8 21.84 100.00 0.00 0.00 -0.35 0.15 100.00 0.00 0.00 -0.65 0.27 100.00 12.51 100.00 16.20
cal500 1 1 1 1 16 21.84 100.00 0.00 0.00 -0.35 0.15 100.00 0.00 0.00 -0.65 0.27 100.00 12.51 100.00 16.20
cal500 1 1 1 1 20 21.84 100.00 0.00 0.00 -0.35 0.15 100.00 0.00 0.00 -0.65 0.27 100.00 12.51 100.00 16.20
cal500 1 1 1 1 32 21.84 100.00 0.00 0.00 -0.35 0.15 100.00 0.00 0.00 -0.65 0.27 100.00 12.51 100.00 16.20
cal500 1 1 1 1 40 21.84 100.00 0.00 0.00 -0.35 0.15 100.00 0.00 0.00 -0.65 0.27 100.00 12.51 100.00 16.20
cal500 1 1 1 1 50 21.84 100.00 0.00 0.00 -0.35 0.15 100.00 0.00 0.00 -0.65 0.27 100.00 12.51 100.00 16.20
cal500 1 1 1 1 60 21.84 100.00 0.00 0.00 -0.35 0.15 100.00 0.00 0.00 -0.65 0.27 100.00 12.51 100.00 16.20
cal500 1 1 1 5 2 3.99 0.00 0.00 95.85 2.27 1.28 0.00 0.00 66.10 0.98 1.91 100.00 16.18 100.00 16.88
cal500 1 1 1 5 4 4.31 0.00 0.00 98.34 2.47 1.16 0.00 0.00 74.58 1.14 1.66 100.00 17.41 100.00 19.13
cal500 1 1 1 5 8 4.25 0.00 0.00 93.36 1.96 1.39 0.00 0.00 57.63 0.46 1.81 100.00 16.55 100.00 17.26
cal500 1 1 1 5 16 3.91 0.00 0.00 96.27 2.35 1.26 0.00 0.00 83.05 1.37 1.77 100.00 17.14 100.00 18.51
cal500 1 1 1 5 20 4.89 0.00 0.00 87.55 1.55 1.35 0.00 0.00 42.37 -0.08 2.03 100.00 15.99 100.00 17.42
cal500 1 1 1 5 32 4.17 0.00 0.00 84.65 1.48 1.48 0.00 0.00 54.24 0.22 1.73 100.00 17.34 100.00 19.33
cal500 1 1 1 5 40 4.48 0.00 0.00 100.00 2.91 1.06 0.00 0.00 86.44 1.79 1.61 100.00 17.72 100.00 19.13
cal500 1 1 1 5 50 4.69 0.00 0.00 92.12 2.10 1.48 0.00 0.00 69.49 0.82 1.57 100.00 16.67 100.00 17.93
cal500 1 1 1 5 60 4.33 0.00 0.00 99.17 2.55 1.22 0.00 0.00 88.14 1.31 1.54 100.00 17.94 100.00 19.31
cal500 1 1 1 10 2 1.82 0.00 0.00 100.00 4.83 1.65 0.00 0.00 89.83 3.09 2.09 100.00 18.25 100.00 18.77
cal500 1 1 1 10 4 2.34 0.00 0.00 99.59 4.61 1.94 0.00 0.00 88.14 2.90 2.65 100.00 16.24 100.00 17.04
cal500 1 1 1 10 8 2.29 0.00 0.00 99.59 4.47 1.82 0.00 0.00 88.14 2.55 2.41 100.00 14.94 100.00 16.49
cal500 1 1 1 10 16 2.56 0.00 0.00 100.00 4.26 1.82 0.00 0.00 84.75 2.19 2.44 100.00 17.35 100.00 18.04
cal500 1 1 1 10 20 2.46 0.00 0.00 99.59 4.74 1.74 0.00 0.00 88.14 2.86 2.35 100.00 18.17 100.00 18.76
cal500 1 1 1 10 32 2.42 0.00 0.00 100.00 4.48 1.66 0.00 0.00 83.05 2.37 2.52 100.00 15.56 100.00 16.21
cal500 1 1 1 10 40 2.44 0.00 0.00 97.93 3.76 1.86 0.00 0.00 77.97 1.80 2.52 100.00 18.34 100.00 19.77
cal500 1 1 1 10 50 2.36 0.00 0.00 97.93 3.67 1.98 0.00 0.00 76.27 1.67 2.56 100.00 16.85 100.00 17.84
cal500 1 1 1 10 60 2.75 0.00 0.00 99.59 4.60 1.87 0.00 0.00 83.05 2.46 2.78 100.00 21.36 100.00 21.90
cal500 1 1 1 20 2 2.03 0.00 0.00 100.00 10.36 3.37 0.00 0.00 83.05 6.17 4.90 100.00 16.67 100.00 17.23
cal500 1 1 1 20 4 2.08 0.00 0.00 100.00 10.28 3.29 0.00 0.00 81.36 6.39 5.51 100.00 16.42 100.00 17.67
cal500 1 1 1 20 8 2.39 0.00 0.00 100.00 9.56 3.61 0.00 0.00 84.75 5.32 5.25 100.00 15.31 100.00 16.92
cal500 1 1 1 20 16 2.61 0.00 0.00 99.59 10.35 4.45 0.00 0.00 86.44 6.11 5.82 100.00 16.17 100.00 17.09
cal500 1 1 1 20 20 2.58 0.00 0.00 100.00 10.42 3.78 0.00 0.00 81.36 5.89 5.70 100.00 16.97 100.00 18.33
cal500 1 1 1 20 32 2.43 0.00 0.00 100.00 9.93 3.54 0.00 0.00 86.44 5.98 5.39 100.00 15.76 100.00 15.40
cal500 1 1 1 20 40 2.39 0.00 0.41 100.00 7.96 3.34 0.00 0.00 72.88 3.45 5.53 99.59 18.10 100.00 18.91
cal500 1 1 1 20 50 2.53 0.00 0.00 99.59 10.18 3.97 0.00 0.00 86.44 5.44 6.13 100.00 15.05 100.00 16.70
cal500 1 1 1 20 60 2.52 0.00 0.00 100.00 9.96 3.70 0.00 0.00 79.66 5.70 6.46 100.00 16.59 100.00 17.92
cal500 1 1 1 30 2 2.31 0.00 0.00 100.00 18.35 7.14 0.00 0.00 84.75 10.67 10.50 100.00 16.22 100.00 17.54
cal500 1 1 1 30 4 2.19 0.00 0.00 100.00 16.77 5.65 0.00 0.00 89.83 10.13 8.20 100.00 15.33 100.00 16.34
cal500 1 1 1 30 8 2.16 0.00 0.00 100.00 16.24 6.47 0.00 0.00 79.66 10.09 9.61 100.00 14.94 100.00 14.76
cal500 1 1 1 30 16 2.48 0.00 0.41 99.59 15.56 6.07 0.00 0.00 79.66 8.53 9.02 100.00 13.69 100.00 14.75
cal500 1 1 1 30 20 2.61 0.00 0.00 100.00 17.73 5.57 0.00 0.00 89.83 11.43 8.40 100.00 18.63 100.00 20.17
cal500 1 1 1 30 32 2.42 0.00 0.00 100.00 15.64 5.12 0.00 0.00 83.05 9.83 8.40 100.00 17.62 100.00 19.90
cal500 1 1 1 30 40 2.62 0.00 0.00 100.00 16.65 5.89 0.00 0.00 81.36 9.50 9.31 100.00 15.55 100.00 16.69
cal500 1 1 1 30 50 2.52 0.00 0.41 99.59 14.43 5.62 0.00 0.00 77.97 6.68 9.08 100.00 13.79 100.00 15.15
cal500 1 1 1 30 60 2.38 0.00 0.00 99.59 13.26 5.88 0.00 0.00 76.27 7.07 8.47 100.00 14.98 100.00 16.52
cal500 1 1 1 40 2 1.99 0.00 0.00 100.00 20.83 7.44 0.00 0.00 88.14 12.71 11.38 100.00 13.99 100.00 15.62
cal500 1 1 1 40 4 2.12 0.00 0.00 100.00 20.57 7.99 0.00 0.00 77.97 10.57 11.02 100.00 14.48 100.00 15.90
cal500 1 1 1 40 8 2.23 0.00 0.41 99.59 17.90 6.99 0.00 0.00 81.36 9.79 11.15 100.00 13.79 100.00 14.55
cal500 1 1 1 40 16 2.46 0.00 0.00 99.59 21.07 8.06 0.00 0.00 79.66 11.11 12.18 100.00 14.32 100.00 15.54
cal500 1 1 1 40 20 2.60 0.00 0.00 99.59 20.52 9.07 0.00 0.00 72.88 10.50 13.79 100.00 13.76 100.00 14.90
cal500 1 1 1 40 32 2.60 0.00 0.00 100.00 19.89 8.90 0.00 0.00 72.88 9.50 14.24 100.00 14.63 100.00 15.23
cal500 1 1 1 40 40 2.30 0.00 0.00 99.59 18.46 6.84 0.00 0.00 77.97 10.45 11.66 100.00 14.73 100.00 15.87
cal500 1 1 1 40 50 2.41 0.00 0.00 99.17 16.46 8.40 0.00 0.00 72.88 7.32 11.59 100.00 13.20 100.00 14.09
cal500 1 1 1 40 60 2.61 0.00 0.00 98.76 15.14 7.59 0.00 0.00 62.71 4.83 11.71 100.00 14.43 100.00 15.07
toy10 1 1 1 1 2 42.30 100.00 81.93 77.31 0.20 0.39 100.00 90.32 82.26 0.30 0.33 22.69 3.03 17.74 2.42
toy10 1 1 1 1 4 42.30 100.00 81.93 77.31 0.20 0.39 100.00 90.32 82.26 0.30 0.33 22.69 3.03 17.74 2.42
toy10 1 1 1 1 8 42.30 100.00 81.93 77.31 0.20 0.39 100.00 90.32 82.26 0.30 0.33 22.69 3.03 17.74 2.42
toy10 1 1 1 1 16 42.30 100.00 81.93 77.31 0.20 0.39 100.00 90.32 82.26 0.30 0.33 22.69 3.03 17.74 2.42
toy10 1 1 1 1 20 42.30 100.00 81.93 77.31 0.20 0.39 100.00 90.32 82.26 0.30 0.33 22.69 3.03 17.74 2.42
toy10 1 1 1 1 32 42.30 100.00 81.93 77.31 0.20 0.39 100.00 90.32 82.26 0.30 0.33 22.69 3.03 17.74 2.42
toy10 1 1 1 1 40 42.30 100.00 81.93 77.31 0.20 0.39 100.00 90.32 82.26 0.30 0.33 22.69 3.03 17.74 2.42
toy10 1 1 1 1 50 42.30 100.00 81.93 77.31 0.20 0.39 100.00 90.32 82.26 0.30 0.33 22.69 3.03 17.74 2.42
toy10 1 1 1 1 60 42.30 100.00 81.93 77.31 0.20 0.39 100.00 90.32 82.26 0.30 0.33 22.69 3.03 17.74 2.42
toy10 1 1 1 5 2 42.72 75.21 88.66 78.57 1.36 2.14 80.65 91.94 80.65 1.91 1.81 24.79 3.19 22.58 2.90
toy10 1 1 1 5 4 43.59 86.13 96.64 77.31 1.25 2.15 88.71 96.77 79.03 1.78 1.82 23.11 2.82 22.58 2.58
toy10 1 1 1 5 8 43.55 94.96 100.00 76.47 1.25 2.16 96.77 100.00 79.03 1.78 1.84 23.53 2.94 20.97 2.26
toy10 1 1 1 5 16 43.86 97.90 100.00 77.31 1.23 2.13 98.39 100.00 80.65 1.77 1.79 22.69 2.73 19.35 2.10
toy10 1 1 1 5 20 43.99 99.16 100.00 76.47 1.21 2.08 100.00 100.00 80.65 1.73 1.75 23.53 2.94 19.35 2.10
toy10 1 1 1 5 32 44.21 100.00 100.00 76.05 1.19 2.05 100.00 100.00 77.42 1.71 1.74 23.95 2.98 22.58 2.42
toy10 1 1 1 5 40 44.21 100.00 100.00 76.05 1.19 2.05 100.00 100.00 77.42 1.71 1.74 23.95 2.98 22.58 2.42
toy10 1 1 1 5 50 44.21 100.00 100.00 76.05 1.19 2.05 100.00 100.00 77.42 1.71 1.74 23.95 2.98 22.58 2.42
toy10 1 1 1 5 60 44.21 100.00 100.00 76.05 1.19 2.05 100.00 100.00 77.42 1.71 1.74 23.95 2.98 22.58 2.42
toy10 1 1 1 10 2 29.64 66.39 95.38 85.29 5.06 4.74 72.58 93.55 91.94 6.16 4.60 15.55 2.61 11.29 1.29
toy10 1 1 1 10 4 30.85 83.61 98.32 84.87 5.02 4.72 87.10 100.00 95.16 6.16 4.52 15.13 2.52 4.84 0.65
toy10 1 1 1 10 8 30.85 88.66 98.74 85.29 4.85 4.57 90.32 100.00 93.55 5.93 4.43 14.71 2.61 6.45 0.97
toy10 1 1 1 10 16 31.08 99.58 100.00 84.87 4.95 4.64 98.39 100.00 95.16 6.06 4.47 15.13 2.44 4.84 0.65
toy10 1 1 1 10 20 31.08 99.16 100.00 84.87 4.92 4.53 98.39 100.00 95.16 6.00 4.38 15.13 2.44 4.84 0.65
toy10 1 1 1 10 32 30.86 100.00 100.00 84.45 4.86 4.67 100.00 100.00 93.55 5.95 4.48 15.55 2.61 6.45 0.97
toy10 1 1 1 10 40 30.86 100.00 100.00 84.45 4.86 4.67 100.00 100.00 93.55 5.95 4.48 15.55 2.61 6.45 0.97
toy10 1 1 1 10 50 30.86 100.00 100.00 84.45 4.86 4.67 100.00 100.00 93.55 5.95 4.48 15.55 2.61 6.45 0.97
toy10 1 1 1 10 60 30.86 100.00 100.00 84.45 4.86 4.67 100.00 100.00 93.55 5.95 4.48 15.55 2.61 6.45 0.97
toy10 1 1 1 20 2 29.44 68.49 97.90 84.87 9.63 9.40 77.42 98.39 95.16 11.87 9.11 15.55 2.86 6.45 0.81
toy10 1 1 1 20 4 29.91 82.77 99.16 85.29 9.62 9.23 87.10 100.00 91.94 11.86 9.03 14.71 2.35 8.06 0.97
toy10 1 1 1 20 8 29.78 89.08 99.58 84.03 9.77 9.39 88.71 100.00 95.16 11.90 9.20 15.97 2.90 4.84 0.65
toy10 1 1 1 20 16 29.86 97.90 100.00 84.45 9.67 9.75 100.00 100.00 93.55 12.02 9.38 15.55 2.73 6.45 0.97
toy10 1 1 1 20 20 29.83 98.74 100.00 83.61 9.92 9.63 100.00 100.00 93.55 12.18 9.32 16.39 2.94 6.45 0.81
toy10 1 1 1 20 32 29.84 100.00 100.00 84.87 10.04 9.74 100.00 100.00 90.32 12.29 9.37 15.13 2.69 9.68 1.13
toy10 1 1 1 20 40 29.84 100.00 100.00 84.87 10.04 9.74 100.00 100.00 90.32 12.29 9.37 15.13 2.69 9.68 1.13
toy10 1 1 1 20 50 29.84 100.00 100.00 84.87 10.04 9.74 100.00 100.00 90.32 12.29 9.37 15.13 2.69 9.68 1.13
toy10 1 1 1 20 60 29.84 100.00 100.00 84.87 10.04 9.74 100.00 100.00 90.32 12.29 9.37 15.13 2.69 9.68 1.13
toy10 1 1 1 30 2 28.87 74.37 100.00 84.45 15.68 14.50 80.65 100.00 93.55 18.76 14.42 15.55 2.98 6.45 0.81
toy10 1 1 1 30 4 28.97 81.51 100.00 84.87 14.95 13.77 87.10 100.00 93.55 18.19 13.71 15.13 2.86 6.45 0.81
toy10 1 1 1 30 8 28.80 88.66 100.00 84.87 15.39 14.49 88.71 100.00 95.16 18.70 14.24 15.13 2.44 4.84 0.65
toy10 1 1 1 30 16 28.96 93.70 100.00 84.87 15.17 14.17 91.94 100.00 91.94 18.31 14.17 15.13 2.65 8.06 1.13
toy10 1 1 1 30 20 28.96 98.74 100.00 84.87 15.17 14.17 98.39 100.00 91.94 18.31 14.17 15.13 2.65 8.06 1.13
toy10 1 1 1 30 32 28.96 100.00 100.00 84.87 15.17 14.17 100.00 100.00 91.94 18.31 14.17 15.13 2.65 8.06 1.13
toy10 1 1 1 30 40 28.96 100.00 100.00 84.87 15.17 14.17 100.00 100.00 91.94 18.31 14.17 15.13 2.65 8.06 1.13
toy10 1 1 1 30 50 28.96 100.00 100.00 84.87 15.17 14.17 100.00 100.00 91.94 18.31 14.17 15.13 2.65 8.06 1.13
toy10 1 1 1 30 60 28.96 100.00 100.00 84.87 15.17 14.17 100.00 100.00 91.94 18.31 14.17 15.13 2.65 8.06 1.13
toy10 1 1 1 40 2 29.24 73.11 100.00 85.71 22.09 20.38 83.87 100.00 93.55 26.54 19.82 14.29 2.48 6.45 0.81
toy10 1 1 1 40 4 29.32 82.77 100.00 84.03 21.83 20.56 88.71 100.00 90.32 25.93 20.33 15.97 3.07 9.68 1.29
toy10 1 1 1 40 8 29.28 86.97 100.00 84.87 21.85 20.23 88.71 100.00 95.16 26.08 19.93 15.13 2.86 4.84 0.65
toy10 1 1 1 40 16 29.34 94.12 100.00 84.03 21.97 20.85 93.55 100.00 91.94 26.50 20.49 15.97 2.73 8.06 1.13
toy10 1 1 1 40 20 29.34 97.90 100.00 84.03 21.97 20.85 98.39 100.00 91.94 26.50 20.49 15.97 2.73 8.06 1.13
toy10 1 1 1 40 32 29.34 100.00 100.00 84.03 21.97 20.85 100.00 100.00 91.94 26.50 20.49 15.97 2.73 8.06 1.13
toy10 1 1 1 40 40 29.34 100.00 100.00 84.03 21.97 20.85 100.00 100.00 91.94 26.50 20.49 15.97 2.73 8.06 1.13
toy10 1 1 1 40 50 29.34 100.00 100.00 84.03 21.97 20.85 100.00 100.00 91.94 26.50 20.49 15.97 2.73 8.06 1.13
toy10 1 1 1 40 60 29.34 100.00 100.00 84.03 21.97 20.85 100.00 100.00 91.94 26.50 20.49 15.97 2.73 8.06 1.13
toy50 1 1 1 1 2 15.09 100.00 34.31 25.52 -0.05 0.07 100.00 24.59 13.11 -0.07 0.09 74.48 3.56 86.89 4.36
toy50 1 1 1 1 4 15.09 100.00 34.31 25.52 -0.05 0.07 100.00 24.59 13.11 -0.07 0.09 74.48 3.56 86.89 4.36
toy50 1 1 1 1 8 15.09 100.00 34.31 25.52 -0.05 0.07 100.00 24.59 13.11 -0.07 0.09 74.48 3.56 86.89 4.36
toy50 1 1 1 1 16 15.09 100.00 34.31 25.52 -0.05 0.07 100.00 24.59 13.11 -0.07 0.09 74.48 3.56 86.89 4.36
toy50 1 1 1 1 20 15.09 100.00 34.31 25.52 -0.05 0.07 100.00 24.59 13.11 -0.07 0.09 74.48 3.56 86.89 4.36
toy50 1 1 1 1 32 15.09 100.00 34.31 25.52 -0.05 0.07 100.00 24.59 13.11 -0.07 0.09 74.48 3.56 86.89 4.36
toy50 1 1 1 1 40 15.09 100.00 34.31 25.52 -0.05 0.07 100.00 24.59 13.11 -0.07 0.09 74.48 3.56 86.89 4.36
toy50 1 1 1 1 50 15.09 100.00 34.31 25.52 -0.05 0.07 100.00 24.59 13.11 -0.07 0.09 74.48 3.56 86.89 4.36
toy50 1 1 1 1 60 15.09 100.00 34.31 25.52 -0.05 0.07 100.00 24.59 13.11 -0.07 0.09 74.48 3.56 86.89 4.36
toy50 1 1 1 5 2 1.31 0.00 17.15 90.79 0.80 0.75 0.00 9.84 83.61 0.79 0.78 86.61 6.96 91.80 6.43
toy50 1 1 1 5 4 1.64 0.00 23.01 93.31 0.68 0.55 0.00 13.11 88.52 0.67 0.63 79.08 6.23 90.16 6.03
toy50 1 1 1 5 8 1.85 0.00 29.29 89.54 0.59 0.60 0.00 29.51 88.52 0.51 0.58 74.06 5.24 77.05 4.92
toy50 1 1 1 5 16 2.33 5.86 38.91 83.68 0.49 0.62 0.00 36.07 78.69 0.39 0.51 70.29 4.90 77.05 4.13
toy50 1 1 1 5 20 2.27 9.62 38.91 86.19 0.52 0.61 4.92 36.07 83.61 0.48 0.58 69.46 4.91 73.77 4.69
toy50 1 1 1 5 32 2.49 15.06 46.44 81.59 0.48 0.62 9.84 44.26 78.69 0.38 0.58 66.53 4.76 68.85 4.07
toy50 1 1 1 5 40 2.66 15.48 46.03 83.68 0.45 0.57 14.75 45.90 73.77 0.30 0.55 65.69 4.61 68.85 4.75
toy50 1 1 1 5 50 2.92 14.23 47.70 77.41 0.38 0.53 13.11 45.90 73.77 0.28 0.49 67.36 4.59 72.13 4.26
toy50 1 1 1 5 60 2.78 20.50 48.54 77.41 0.43 0.60 19.67 47.54 73.77 0.32 0.54 66.53 4.70 65.57 4.36
toy50 1 1 1 10 2 1.34 0.00 25.52 86.61 1.39 1.41 0.00 18.03 86.89 1.09 1.11 82.43 6.33 85.25 5.77
toy50 1 1 1 10 4 1.53 0.00 34.73 83.26 1.21 1.37 0.00 34.43 81.97 0.88 1.04 74.90 5.72 72.13 5.25
toy50 1 1 1 10 8 1.76 0.00 38.91 85.36 0.95 1.02 0.00 40.98 77.05 0.70 0.94 71.55 5.08 72.13 4.30
toy50 1 1 1 10 16 1.93 2.93 46.03 81.59 1.01 1.15 0.00 45.90 83.61 0.78 1.02 66.95 4.67 65.57 4.79
toy50 1 1 1 10 20 1.90 2.09 45.19 78.66 0.80 1.03 0.00 45.90 80.33 0.65 0.96 70.29 4.57 68.85 4.62
toy50 1 1 1 10 32 2.20 5.44 46.03 85.77 0.99 1.17 3.28 47.54 73.77 0.58 0.90 64.02 4.59 72.13 4.33
toy50 1 1 1 10 40 2.12 10.04 45.19 76.99 0.86 1.04 4.92 47.54 63.93 0.53 0.90 71.13 4.69 78.69 4.69
toy50 1 1 1 10 50 2.31 7.53 49.79 79.08 0.76 1.03 6.56 50.82 72.13 0.33 0.76 65.69 4.37 68.85 4.33
toy50 1 1 1 10 60 2.41 10.88 49.37 80.75 0.84 1.01 11.48 50.82 68.85 0.51 0.99 67.36 4.27 68.85 4.30
toy50 1 1 1 20 2 1.34 0.00 29.29 91.21 2.46 2.29 0.00 27.87 95.08 2.22 2.23 75.31 5.87 75.41 5.64
toy50 1 1 1 20 4 1.72 0.00 35.15 84.52 2.13 2.50 0.00 34.43 86.89 1.69 2.35 73.22 5.68 67.21 4.98
toy50 1 1 1 20 8 1.92 0.00 44.35 86.61 1.98 2.37 0.00 47.54 83.61 1.43 2.21 63.60 4.54 59.02 4.26
toy50 1 1 1 20 16 2.21 2.09 48.54 87.03 2.07 2.38 0.00 50.82 80.33 1.70 2.37 61.92 4.38 57.38 4.03
toy50 1 1 1 20 20 2.20 0.42 46.03 82.01 1.80 2.28 0.00 47.54 78.69 1.31 2.15 66.11 4.69 60.66 4.43
toy50 1 1 1 20 32 2.34 6.28 44.77 81.17 1.96 2.44 1.64 44.26 80.33 1.29 1.95 69.04 4.43 62.30 4.36
toy50 1 1 1 20 40 2.43 6.28 52.30 78.66 1.62 2.25 6.56 55.74 77.05 1.15 2.02 61.51 4.09 55.74 3.97
toy50 1 1 1 20 50 2.55 7.95 53.56 84.52 1.75 2.21 11.48 62.30 77.05 1.23 1.98 59.00 4.15 52.46 3.74
toy50 1 1 1 20 60 2.55 9.62 53.97 83.68 1.55 2.26 11.48 62.30 77.05 1.10 2.04 57.74 4.13 49.18 3.77
toy50 1 1 1 30 2 1.53 0.00 38.08 85.36 3.76 4.04 0.00 34.43 83.61 2.79 3.85 73.22 5.24 75.41 4.92
toy50 1 1 1 30 4 1.72 0.00 43.10 86.61 2.84 3.44 0.00 49.18 78.69 2.01 3.02 64.44 4.94 57.38 4.39
toy50 1 1 1 30 8 1.95 0.00 45.61 87.45 2.22 2.60 0.00 45.90 67.21 1.49 3.09 63.18 4.13 67.21 4.03
toy50 1 1 1 30 16 2.28 1.67 53.56 84.94 2.76 3.39 3.28 49.18 75.41 2.01 3.18 56.07 4.19 60.66 4.46
toy50 1 1 1 30 20 2.26 1.26 51.05 84.52 2.45 3.17 0.00 52.46 73.77 1.99 3.08 59.00 4.05 59.02 4.07
toy50 1 1 1 30 32 2.46 4.60 59.00 85.36 2.47 3.15 6.56 54.10 81.97 1.68 2.58 52.30 3.47 55.74 3.41
toy50 1 1 1 30 40 2.51 7.53 62.76 85.77 2.45 3.38 8.20 59.02 81.97 1.92 2.74 48.95 3.51 49.18 3.70
toy50 1 1 1 30 50 2.43 9.21 56.90 83.68 2.02 2.64 9.84 60.66 77.05 1.78 3.12 53.14 3.45 54.10 3.87
toy50 1 1 1 30 60 2.69 14.23 63.18 81.17 2.54 3.30 13.11 59.02 77.05 1.91 3.22 50.63 3.42 55.74 3.97
toy50 1 1 1 40 2 1.61 0.00 38.91 85.36 4.84 5.18 0.00 37.70 78.69 3.03 4.19 70.71 4.90 73.77 4.79
toy50 1 1 1 40 4 1.81 0.00 46.03 86.19 3.83 3.98 0.00 47.54 80.33 3.22 4.08 64.85 4.06 60.66 4.13
toy50 1 1 1 40 8 2.01 0.00 47.70 84.94 3.57 3.98 0.00 47.54 83.61 2.71 3.70 62.76 4.02 60.66 4.16
toy50 1 1 1 40 16 2.11 0.00 53.97 84.94 3.44 4.18 0.00 52.46 73.77 2.39 3.72 58.58 3.82 55.74 3.90
toy50 1 1 1 40 20 2.38 0.00 56.07 83.68 3.36 4.03 0.00 57.38 81.97 2.53 3.92 57.74 3.56 52.46 3.38
toy50 1 1 1 40 32 2.45 1.26 56.90 86.61 3.16 3.53 0.00 55.74 78.69 2.50 3.48 54.81 3.49 57.38 3.54
toy50 1 1 1 40 40 2.57 3.35 59.83 89.12 3.03 3.27 3.28 57.38 83.61 2.52 3.40 50.63 3.11 52.46 3.90
toy50 1 1 1 40 50 2.69 3.35 60.25 85.77 3.10 3.69 1.64 54.10 81.97 2.50 3.22 51.05 3.19 55.74 3.64
toy50 1 1 1 40 60 2.66 5.44 61.51 88.70 3.49 4.16 4.92 59.02 80.33 2.94 3.75 49.79 3.43 57.38 3.31
emotions 1 1 1 1 2 158.77 100.00 60.76 38.40 -0.11 0.29 100.00 47.62 36.51 -0.20 0.36 61.60 15.12 63.49 18.52
emotions 1 1 1 1 4 158.77 100.00 60.76 38.40 -0.11 0.29 100.00 47.62 36.51 -0.20 0.36 61.60 15.12 63.49 18.52
emotions 1 1 1 1 8 158.77 100.00 60.76 38.40 -0.11 0.29 100.00 47.62 36.51 -0.20 0.36 61.60 15.12 63.49 18.52
emotions 1 1 1 1 16 158.77 100.00 60.76 38.40 -0.11 0.29 100.00 47.62 36.51 -0.20 0.36 61.60 15.12 63.49 18.52
emotions 1 1 1 1 20 158.77 100.00 60.76 38.40 -0.11 0.29 100.00 47.62 36.51 -0.20 0.36 61.60 15.12 63.49 18.52
emotions 1 1 1 1 32 158.77 100.00 60.76 38.40 -0.11 0.29 100.00 47.62 36.51 -0.20 0.36 61.60 15.12 63.49 18.52
emotions 1 1 1 1 40 158.77 100.00 60.76 38.40 -0.11 0.29 100.00 47.62 36.51 -0.20 0.36 61.60 15.12 63.49 18.52
emotions 1 1 1 1 50 158.77 100.00 60.76 38.40 -0.11 0.29 100.00 47.62 36.51 -0.20 0.36 61.60 15.12 63.49 18.52
emotions 1 1 1 1 60 158.77 100.00 60.76 38.40 -0.11 0.29 100.00 47.62 36.51 -0.20 0.36 61.60 15.12 63.49 18.52
emotions 1 1 1 5 2 168.47 87.76 72.57 42.19 -0.44 1.60 88.89 60.32 36.51 -1.12 2.18 57.81 14.28 63.49 18.78
emotions 1 1 1 5 4 168.42 99.58 85.65 40.08 -0.49 1.69 100.00 71.43 34.92 -1.21 2.30 59.92 15.12 65.08 19.84
emotions 1 1 1 5 8 168.40 100.00 97.05 42.19 -0.45 1.61 100.00 82.54 34.92 -1.16 2.19 57.81 14.42 65.08 19.05
emotions 1 1 1 5 16 168.40 100.00 99.58 42.19 -0.45 1.61 100.00 96.83 34.92 -1.16 2.19 57.81 14.42 65.08 19.05
emotions 1 1 1 5 20 168.40 100.00 100.00 42.19 -0.45 1.61 100.00 98.41 34.92 -1.16 2.19 57.81 14.42 65.08 19.05
emotions 1 1 1 5 32 168.40 100.00 100.00 42.19 -0.45 1.61 100.00 100.00 34.92 -1.16 2.19 57.81 14.42 65.08 19.05
emotions 1 1 1 5 40 168.40 100.00 100.00 42.19 -0.45 1.61 100.00 100.00 34.92 -1.16 2.19 57.81 14.42 65.08 19.05
emotions 1 1 1 5 50 168.40 100.00 100.00 42.19 -0.45 1.61 100.00 100.00 34.92 -1.16 2.19 57.81 14.42 65.08 19.05
emotions 1 1 1 5 60 168.40 100.00 100.00 42.19 -0.45 1.61 100.00 100.00 34.92 -1.16 2.19 57.81 14.42 65.08 19.05
emotions 1 1 1 10 2 171.09 89.45 83.97 45.99 -0.72 3.30 87.30 71.43 34.92 -2.14 4.63 54.01 13.71 65.08 18.78
emotions 1 1 1 10 4 171.01 99.58 93.25 44.73 -0.80 3.21 96.83 79.37 36.51 -2.15 4.46 55.27 13.57 63.49 19.05
emotions 1 1 1 10 8 171.01 100.00 98.73 44.73 -0.80 3.21 100.00 93.65 36.51 -2.15 4.46 55.27 13.57 63.49 19.05
emotions 1 1 1 10 16 171.01 100.00 100.00 44.73 -0.80 3.21 100.00 96.83 36.51 -2.15 4.46 55.27 13.57 63.49 19.05
emotions 1 1 1 10 20 171.01 100.00 100.00 44.73 -0.80 3.21 100.00 98.41 36.51 -2.15 4.46 55.27 13.57 63.49 19.05
emotions 1 1 1 10 32 171.01 100.00 100.00 44.73 -0.80 3.21 100.00 100.00 36.51 -2.15 4.46 55.27 13.57 63.49 19.05
emotions 1 1 1 10 40 171.01 100.00 100.00 44.73 -0.80 3.21 100.00 100.00 36.51 -2.15 4.46 55.27 13.57 63.49 19.05
emotions 1 1 1 10 50 171.01 100.00 100.00 44.73 -0.80 3.21 100.00 100.00 36.51 -2.15 4.46 55.27 13.57 63.49 19.05
emotions 1 1 1 10 60 171.01 100.00 100.00 44.73 -0.80 3.21 100.00 100.00 36.51 -2.15 4.46 55.27 13.57 63.49 19.05
emotions 1 1 1 20 2 172.23 84.39 86.92 44.30 -1.91 6.65 87.30 71.43 34.92 -4.86 9.20 55.70 13.99 65.08 19.84
emotions 1 1 1 20 4 172.23 99.58 94.51 44.30 -1.91 6.65 100.00 85.71 34.92 -4.86 9.20 55.70 13.99 65.08 19.84
emotions 1 1 1 20 8 172.23 100.00 99.16 44.30 -1.91 6.65 100.00 92.06 34.92 -4.86 9.20 55.70 13.99 65.08 19.84
emotions 1 1 1 20 16 172.23 100.00 100.00 44.30 -1.91 6.65 100.00 98.41 34.92 -4.86 9.20 55.70 13.99 65.08 19.84
emotions 1 1 1 20 20 172.23 100.00 100.00 44.30 -1.91 6.65 100.00 100.00 34.92 -4.86 9.20 55.70 13.99 65.08 19.84
emotions 1 1 1 20 32 172.23 100.00 100.00 44.30 -1.91 6.65 100.00 100.00 34.92 -4.86 9.20 55.70 13.99 65.08 19.84
emotions 1 1 1 20 40 172.23 100.00 100.00 44.30 -1.91 6.65 100.00 100.00 34.92 -4.86 9.20 55.70 13.99 65.08 19.84
emotions 1 1 1 20 50 172.23 100.00 100.00 44.30 -1.91 6.65 100.00 100.00 34.92 -4.86 9.20 55.70 13.99 65.08 19.84
emotions 1 1 1 20 60 172.23 100.00 100.00 44.30 -1.91 6.65 100.00 100.00 34.92 -4.86 9.20 55.70 13.99 65.08 19.84
emotions 1 1 1 30 2 172.61 85.65 87.34 44.73 -2.85 10.06 82.54 76.19 34.92 -7.27 13.67 55.27 14.14 65.08 19.05
emotions 1 1 1 30 4 172.61 100.00 94.51 44.73 -2.85 10.06 100.00 82.54 34.92 -7.27 13.67 55.27 14.14 65.08 19.05
emotions 1 1 1 30 8 172.61 100.00 97.89 44.73 -2.85 10.06 100.00 95.24 34.92 -7.27 13.67 55.27 14.14 65.08 19.05
emotions 1 1 1 30 16 172.61 100.00 100.00 44.73 -2.85 10.06 100.00 100.00 34.92 -7.27 13.67 55.27 14.14 65.08 19.05
emotions 1 1 1 30 20 172.61 100.00 100.00 44.73 -2.85 10.06 100.00 100.00 34.92 -7.27 13.67 55.27 14.14 65.08 19.05
emotions 1 1 1 30 32 172.61 100.00 100.00 44.73 -2.85 10.06 100.00 100.00 34.92 -7.27 13.67 55.27 14.14 65.08 19.05
emotions 1 1 1 30 40 172.61 100.00 100.00 44.73 -2.85 10.06 100.00 100.00 34.92 -7.27 13.67 55.27 14.14 65.08 19.05
emotions 1 1 1 30 50 172.61 100.00 100.00 44.73 -2.85 10.06 100.00 100.00 34.92 -7.27 13.67 55.27 14.14 65.08 19.05
emotions 1 1 1 30 60 172.61 100.00 100.00 44.73 -2.85 10.06 100.00 100.00 34.92 -7.27 13.67 55.27 14.14 65.08 19.05
emotions 1 1 1 40 2 173.58 83.54 90.30 45.15 -3.62 13.09 82.54 79.37 34.92 -9.53 17.89 54.85 13.78 65.08 18.78
emotions 1 1 1 40 4 173.58 100.00 96.62 45.15 -3.62 13.09 98.41 85.71 34.92 -9.53 17.89 54.85 13.78 65.08 18.78
emotions 1 1 1 40 8 173.58 100.00 99.16 45.15 -3.62 13.09 100.00 95.24 34.92 -9.53 17.89 54.85 13.78 65.08 18.78
emotions 1 1 1 40 16 173.58 100.00 100.00 45.15 -3.62 13.09 100.00 100.00 34.92 -9.53 17.89 54.85 13.78 65.08 18.78
emotions 1 1 1 40 20 173.58 100.00 100.00 45.15 -3.62 13.09 100.00 100.00 34.92 -9.53 17.89 54.85 13.78 65.08 18.78
emotions 1 1 1 40 32 173.58 100.00 100.00 45.15 -3.62 13.09 100.00 100.00 34.92 -9.53 17.89 54.85 13.78 65.08 18.78
emotions 1 1 1 40 40 173.58 100.00 100.00 45.15 -3.62 13.09 100.00 100.00 34.92 -9.53 17.89 54.85 13.78 65.08 18.78
emotions 1 1 1 40 50 173.58 100.00 100.00 45.15 -3.62 13.09 100.00 100.00 34.92 -9.53 17.89 54.85 13.78 65.08 18.78
emotions 1 1 1 40 60 173.58 100.00 100.00 45.15 -3.62 13.09 100.00 100.00 34.92 -9.53 17.89 54.85 13.78 65.08 18.78
scene 1 1 1 1 2 9.82 100.00 98.76 92.12 0.25 0.15 100.00 98.31 89.83 0.22 0.16 7.88 1.31 10.17 1.69
scene 1 1 1 1 4 9.82 100.00 98.76 92.12 0.25 0.15 100.00 98.31 89.83 0.22 0.16 7.88 1.31 10.17 1.69
scene 1 1 1 1 8 9.82 100.00 98.76 92.12 0.25 0.15 100.00 98.31 89.83 0.22 0.16 7.88 1.31 10.17 1.69
scene 1 1 1 1 16 9.82 100.00 98.76 92.12 0.25 0.15 100.00 98.31 89.83 0.22 0.16 7.88 1.31 10.17 1.69
scene 1 1 1 1 20 9.82 100.00 98.76 92.12 0.25 0.15 100.00 98.31 89.83 0.22 0.16 7.88 1.31 10.17 1.69
scene 1 1 1 1 32 9.82 100.00 98.76 92.12 0.25 0.15 100.00 98.31 89.83 0.22 0.16 7.88 1.31 10.17 1.69
scene 1 1 1 1 40 9.82 100.00 98.76 92.12 0.25 0.15 100.00 98.31 89.83 0.22 0.16 7.88 1.31 10.17 1.69
scene 1 1 1 1 50 9.82 100.00 98.76 92.12 0.25 0.15 100.00 98.31 89.83 0.22 0.16 7.88 1.31 10.17 1.69
scene 1 1 1 1 60 9.82 100.00 98.76 92.12 0.25 0.15 100.00 98.31 89.83 0.22 0.16 7.88 1.31 10.17 1.69
scene 1 1 1 5 2 16.21 100.00 100.00 91.70 1.66 0.99 98.31 100.00 89.83 1.44 1.13 8.30 1.38 10.17 2.26
scene 1 1 1 5 4 16.21 100.00 100.00 91.70 1.68 1.00 100.00 100.00 89.83 1.46 1.14 8.30 1.38 10.17 2.26
scene 1 1 1 5 8 16.21 100.00 100.00 91.70 1.66 1.04 100.00 100.00 91.53 1.47 1.18 8.30 1.38 8.47 1.41
scene 1 1 1 5 16 16.21 100.00 100.00 91.70 1.66 1.04 100.00 100.00 91.53 1.47 1.18 8.30 1.38 8.47 1.41
scene 1 1 1 5 20 16.21 100.00 100.00 91.70 1.66 1.04 100.00 100.00 91.53 1.47 1.18 8.30 1.38 8.47 1.41
scene 1 1 1 5 32 16.21 100.00 100.00 91.70 1.66 1.04 100.00 100.00 91.53 1.47 1.18 8.30 1.38 8.47 1.41
scene 1 1 1 5 40 16.21 100.00 100.00 91.70 1.66 1.04 100.00 100.00 91.53 1.47 1.18 8.30 1.38 8.47 1.41
scene 1 1 1 5 50 16.21 100.00 100.00 91.70 1.66 1.04 100.00 100.00 91.53 1.47 1.18 8.30 1.38 8.47 1.41
scene 1 1 1 5 60 16.21 100.00 100.00 91.70 1.66 1.04 100.00 100.00 91.53 1.47 1.18 8.30 1.38 8.47 1.41
scene 1 1 1 10 2 16.87 100.00 100.00 91.70 3.40 2.00 98.31 100.00 91.53 2.99 2.24 8.30 1.38 8.47 1.41
scene 1 1 1 10 4 16.86 100.00 100.00 91.70 3.40 2.01 100.00 100.00 91.53 2.99 2.25 8.30 1.38 8.47 1.41
scene 1 1 1 10 8 16.86 100.00 100.00 91.70 3.40 2.01 100.00 100.00 91.53 2.99 2.25 8.30 1.38 8.47 1.41
scene 1 1 1 10 16 16.86 100.00 100.00 91.70 3.40 2.01 100.00 100.00 91.53 2.99 2.25 8.30 1.38 8.47 1.41
scene 1 1 1 10 20 16.86 100.00 100.00 91.70 3.40 2.01 100.00 100.00 91.53 2.99 2.25 8.30 1.38 8.47 1.41
scene 1 1 1 10 32 16.86 100.00 100.00 91.70 3.40 2.01 100.00 100.00 91.53 2.99 2.25 8.30 1.38 8.47 1.41
scene 1 1 1 10 40 16.86 100.00 100.00 91.70 3.40 2.01 100.00 100.00 91.53 2.99 2.25 8.30 1.38 8.47 1.41
scene 1 1 1 10 50 16.86 100.00 100.00 91.70 3.40 2.01 100.00 100.00 91.53 2.99 2.25 8.30 1.38 8.47 1.41
scene 1 1 1 10 60 16.86 100.00 100.00 91.70 3.40 2.01 100.00 100.00 91.53 2.99 2.25 8.30 1.38 8.47 1.41
scene 1 1 1 20 2 16.00 100.00 100.00 91.70 8.12 4.65 98.31 100.00 91.53 7.18 5.21 8.30 1.38 8.47 1.41
scene 1 1 1 20 4 16.00 100.00 100.00 91.70 8.12 4.65 100.00 100.00 91.53 7.18 5.21 8.30 1.38 8.47 1.41
scene 1 1 1 20 8 16.00 100.00 100.00 91.70 8.12 4.65 100.00 100.00 91.53 7.18 5.21 8.30 1.38 8.47 1.41
scene 1 1 1 20 16 16.00 100.00 100.00 91.70 8.12 4.65 100.00 100.00 91.53 7.18 5.21 8.30 1.38 8.47 1.41
scene 1 1 1 20 20 16.00 100.00 100.00 91.70 8.12 4.65 100.00 100.00 91.53 7.18 5.21 8.30 1.38 8.47 1.41
scene 1 1 1 20 32 16.00 100.00 100.00 91.70 8.12 4.65 100.00 100.00 91.53 7.18 5.21 8.30 1.38 8.47 1.41
scene 1 1 1 20 40 16.00 100.00 100.00 91.70 8.12 4.65 100.00 100.00 91.53 7.18 5.21 8.30 1.38 8.47 1.41
scene 1 1 1 20 50 16.00 100.00 100.00 91.70 8.12 4.65 100.00 100.00 91.53 7.18 5.21 8.30 1.38 8.47 1.41
scene 1 1 1 20 60 16.00 100.00 100.00 91.70 8.12 4.65 100.00 100.00 91.53 7.18 5.21 8.30 1.38 8.47 1.41
scene 1 1 1 30 2 15.32 100.00 100.00 91.70 12.22 7.00 98.31 100.00 91.53 10.66 7.75 8.30 1.38 8.47 1.41
scene 1 1 1 30 4 15.32 100.00 100.00 91.70 12.23 7.19 100.00 100.00 91.53 10.85 7.91 8.30 1.38 8.47 1.41
scene 1 1 1 30 8 15.32 100.00 100.00 91.70 12.23 7.19 100.00 100.00 91.53 10.85 7.91 8.30 1.38 8.47 1.41
scene 1 1 1 30 16 15.32 100.00 100.00 91.70 12.23 7.19 100.00 100.00 91.53 10.85 7.91 8.30 1.38 8.47 1.41
scene 1 1 1 30 20 15.32 100.00 100.00 91.70 12.23 7.19 100.00 100.00 91.53 10.85 7.91 8.30 1.38 8.47 1.41
scene 1 1 1 30 32 15.32 100.00 100.00 91.70 12.23 7.19 100.00 100.00 91.53 10.85 7.91 8.30 1.38 8.47 1.41
scene 1 1 1 30 40 15.32 100.00 100.00 91.70 12.23 7.19 100.00 100.00 91.53 10.85 7.91 8.30 1.38 8.47 1.41
scene 1 1 1 30 50 15.32 100.00 100.00 91.70 12.23 7.19 100.00 100.00 91.53 10.85 7.91 8.30 1.38 8.47 1.41
scene 1 1 1 30 60 15.32 100.00 100.00 91.70 12.23 7.19 100.00 100.00 91.53 10.85 7.91 8.30 1.38 8.47 1.41
scene 1 1 1 40 2 15.80 100.00 100.00 91.70 15.79 9.02 98.31 100.00 91.53 13.82 10.07 8.30 1.38 8.47 1.41
scene 1 1 1 40 4 15.80 100.00 100.00 91.70 15.79 9.02 100.00 100.00 91.53 13.82 10.07 8.30 1.38 8.47 1.41
scene 1 1 1 40 8 15.80 100.00 100.00 91.70 15.79 9.02 100.00 100.00 91.53 13.82 10.07 8.30 1.38 8.47 1.41
scene 1 1 1 40 16 15.80 100.00 100.00 91.70 15.79 9.02 100.00 100.00 91.53 13.82 10.07 8.30 1.38 8.47 1.41
scene 1 1 1 40 20 15.80 100.00 100.00 91.70 15.79 9.02 100.00 100.00 91.53 13.82 10.07 8.30 1.38 8.47 1.41
scene 1 1 1 40 32 15.80 100.00 100.00 91.70 15.79 9.02 100.00 100.00 91.53 13.82 10.07 8.30 1.38 8.47 1.41
scene 1 1 1 40 40 15.80 100.00 100.00 91.70 15.79 9.02 100.00 100.00 91.53 13.82 10.07 8.30 1.38 8.47 1.41
scene 1 1 1 40 50 15.80 100.00 100.00 91.70 15.79 9.02 100.00 100.00 91.53 13.82 10.07 8.30 1.38 8.47 1.41
scene 1 1 1 40 60 15.80 100.00 100.00 91.70 15.79 9.02 100.00 100.00 91.53 13.82 10.07 8.30 1.38 8.47 1.41
enron 1 1 1 1 2 1.39 100.00 99.59 99.18 0.02 0.01 100.00 33.93 32.14 -0.05 0.08 0.82 0.05 67.86 4.53
enron 1 1 1 1 4 1.39 100.00 99.59 99.18 0.02 0.01 100.00 33.93 32.14 -0.05 0.08 0.82 0.05 67.86 4.53
enron 1 1 1 1 8 1.39 100.00 99.59 99.18 0.02 0.01 100.00 33.93 32.14 -0.05 0.08 0.82 0.05 67.86 4.53
enron 1 1 1 1 16 1.39 100.00 99.59 99.18 0.02 0.01 100.00 33.93 32.14 -0.05 0.08 0.82 0.05 67.86 4.53
enron 1 1 1 1 20 1.39 100.00 99.59 99.18 0.02 0.01 100.00 33.93 32.14 -0.05 0.08 0.82 0.05 67.86 4.53
enron 1 1 1 1 32 1.39 100.00 99.59 99.18 0.02 0.01 100.00 33.93 32.14 -0.05 0.08 0.82 0.05 67.86 4.53
enron 1 1 1 1 40 1.39 100.00 99.59 99.18 0.02 0.01 100.00 33.93 32.14 -0.05 0.08 0.82 0.05 67.86 4.53
enron 1 1 1 1 50 1.39 100.00 99.59 99.18 0.02 0.01 100.00 33.93 32.14 -0.05 0.08 0.82 0.05 67.86 4.53
enron 1 1 1 1 60 1.39 100.00 99.59 99.18 0.02 0.01 100.00 33.93 32.14 -0.05 0.08 0.82 0.05 67.86 4.53
enron 1 1 1 5 2 1.49 100.00 99.59 99.18 0.13 0.09 82.14 35.71 30.36 -0.27 0.38 0.82 0.05 69.64 4.46
enron 1 1 1 5 4 1.49 100.00 99.59 99.18 0.13 0.08 96.43 39.29 30.36 -0.27 0.38 0.82 0.05 69.64 4.43
enron 1 1 1 5 8 1.49 100.00 99.59 99.18 0.13 0.09 100.00 42.86 32.14 -0.27 0.37 0.82 0.05 67.86 4.33
enron 1 1 1 5 16 1.48 100.00 99.59 99.18 0.12 0.09 100.00 51.79 30.36 -0.27 0.37 0.82 0.05 69.64 4.36
enron 1 1 1 5 20 1.49 100.00 99.59 99.18 0.13 0.09 100.00 53.57 30.36 -0.27 0.37 0.82 0.05 69.64 4.36
enron 1 1 1 5 32 1.50 100.00 99.59 99.18 0.13 0.08 100.00 53.57 32.14 -0.27 0.37 0.82 0.05 67.86 4.33
enron 1 1 1 5 40 1.49 100.00 99.59 99.18 0.13 0.08 100.00 58.93 32.14 -0.27 0.37 0.82 0.05 67.86 4.36
enron 1 1 1 5 50 1.49 100.00 99.59 99.18 0.13 0.09 100.00 60.71 30.36 -0.27 0.37 0.82 0.05 69.64 4.46
enron 1 1 1 5 60 1.49 100.00 99.59 99.18 0.13 0.09 100.00 60.71 28.57 -0.27 0.37 0.82 0.05 71.43 4.33
enron 1 1 1 10 2 1.47 100.00 99.59 99.18 0.30 0.17 78.57 39.29 32.14 -0.54 0.77 0.82 0.05 67.86 4.26
enron 1 1 1 10 4 1.47 100.00 99.59 99.18 0.29 0.11 98.21 44.64 30.36 -0.54 0.77 0.82 0.05 69.64 4.46
enron 1 1 1 10 8 1.47 100.00 99.59 99.18 0.29 0.13 98.21 50.00 32.14 -0.55 0.78 0.82 0.05 67.86 4.43
enron 1 1 1 10 16 1.48 100.00 99.59 99.18 0.29 0.14 100.00 53.57 32.14 -0.55 0.77 0.82 0.05 67.86 4.50
enron 1 1 1 10 20 1.48 100.00 99.59 99.18 0.29 0.14 100.00 55.36 32.14 -0.54 0.76 0.82 0.05 67.86 4.40
enron 1 1 1 10 32 1.47 100.00 99.59 99.18 0.29 0.16 100.00 58.93 32.14 -0.54 0.76 0.82 0.05 67.86 4.29
enron 1 1 1 10 40 1.48 100.00 99.59 99.18 0.29 0.17 100.00 60.71 30.36 -0.54 0.76 0.82 0.05 69.64 4.33
enron 1 1 1 10 50 1.47 100.00 99.59 99.18 0.29 0.13 100.00 58.93 30.36 -0.54 0.77 0.82 0.05 69.64 4.50
enron 1 1 1 10 60 1.48 100.00 99.59 99.18 0.29 0.16 100.00 62.50 32.14 -0.54 0.77 0.82 0.05 67.86 4.33
enron 1 1 1 20 2 1.50 100.00 99.59 99.18 0.65 0.32 80.36 37.50 30.36 -1.12 1.60 0.82 0.05 69.64 4.40
enron 1 1 1 20 4 1.50 100.00 99.59 99.18 0.64 0.29 92.86 48.21 30.36 -1.15 1.61 0.82 0.05 69.64 4.40
enron 1 1 1 20 8 1.51 100.00 99.59 99.18 0.63 0.34 100.00 51.79 30.36 -1.14 1.60 0.82 0.05 69.64 4.43
enron 1 1 1 20 16 1.51 100.00 99.59 99.18 0.63 0.34 100.00 55.36 30.36 -1.13 1.58 0.82 0.05 69.64 4.50
enron 1 1 1 20 20 1.51 100.00 99.59 99.18 0.63 0.31 100.00 55.36 32.14 -1.14 1.60 0.82 0.05 67.86 4.36
enron 1 1 1 20 32 1.51 100.00 99.59 98.77 0.63 0.34 100.00 58.93 30.36 -1.13 1.58 1.23 0.05 69.64 4.43
enron 1 1 1 20 40 1.51 100.00 99.59 99.18 0.62 0.34 100.00 58.93 32.14 -1.13 1.59 0.82 0.05 67.86 4.36
enron 1 1 1 20 50 1.51 100.00 99.59 99.18 0.63 0.35 100.00 58.93 30.36 -1.14 1.58 0.82 0.05 69.64 4.36
enron 1 1 1 20 60 1.51 100.00 99.59 98.77 0.63 0.29 100.00 60.71 32.14 -1.14 1.60 1.23 0.05 67.86 4.43
enron 1 1 1 30 2 1.49 100.00 99.59 99.18 1.02 0.51 82.14 41.07 32.14 -1.73 2.44 0.82 0.05 67.86 4.40
enron 1 1 1 30 4 1.49 100.00 99.59 99.18 1.01 0.46 94.64 48.21 28.57 -1.71 2.41 0.82 0.05 71.43 4.50
enron 1 1 1 30 8 1.49 100.00 99.59 99.18 1.02 0.41 100.00 50.00 30.36 -1.70 2.40 0.82 0.05 69.64 4.50
enron 1 1 1 30 16 1.49 100.00 99.59 99.18 1.01 0.50 100.00 57.14 32.14 -1.70 2.40 0.82 0.05 67.86 4.43
enron 1 1 1 30 20 1.48 100.00 99.59 99.18 1.02 0.51 100.00 57.14 32.14 -1.71 2.39 0.82 0.05 67.86 4.43
enron 1 1 1 30 32 1.49 100.00 99.59 99.18 1.02 0.51 100.00 58.93 28.57 -1.70 2.38 0.82 0.05 71.43 4.46
enron 1 1 1 30 40 1.49 100.00 99.59 98.77 1.02 0.43 100.00 58.93 28.57 -1.71 2.39 1.23 0.05 71.43 4.46
enron 1 1 1 30 50 1.49 100.00 99.59 99.18 1.03 0.42 100.00 58.93 28.57 -1.71 2.40 0.82 0.05 71.43 4.46
enron 1 1 1 30 60 1.49 100.00 99.59 99.18 1.02 0.44 100.00 60.71 28.57 -1.71 2.39 0.82 0.05 71.43 4.50
enron 1 1 1 40 2 1.50 100.00 99.59 99.18 1.41 0.69 78.57 41.07 32.14 -2.28 3.20 0.82 0.05 67.86 4.40
enron 1 1 1 40 4 1.50 100.00 99.59 99.18 1.42 0.65 94.64 48.21 30.36 -2.36 3.26 0.82 0.05 69.64 4.50
enron 1 1 1 40 8 1.51 100.00 99.59 99.18 1.41 0.68 100.00 55.36 28.57 -2.30 3.21 0.82 0.05 71.43 4.50
enron 1 1 1 40 16 1.51 100.00 99.59 99.18 1.40 0.64 100.00 55.36 28.57 -2.32 3.24 0.82 0.05 71.43 4.53
enron 1 1 1 40 20 1.51 100.00 99.59 98.77 1.40 0.68 100.00 57.14 30.36 -2.30 3.18 1.23 0.05 69.64 4.46
enron 1 1 1 40 32 1.51 100.00 99.59 99.18 1.42 0.69 100.00 58.93 28.57 -2.27 3.17 0.82 0.05 71.43 4.43
enron 1 1 1 40 40 1.51 100.00 99.59 99.18 1.40 0.69 100.00 58.93 28.57 -2.31 3.20 0.82 0.05 71.43 4.43
enron 1 1 1 40 50 1.51 100.00 99.59 99.18 1.41 0.68 100.00 60.71 30.36 -2.31 3.20 0.82 0.05 69.64 4.43
enron 1 1 1 40 60 1.50 100.00 99.59 99.18 1.43 0.55 100.00 60.71 28.57 -2.32 3.22 0.82 0.05 71.43 4.53
yeast 1 1 1 1 2 151.01 100.00 26.05 18.91 -0.27 0.28 100.00 14.52 9.68 -0.48 0.43 81.09 18.37 90.32 24.54
yeast 1 1 1 1 4 151.01 100.00 26.05 18.91 -0.27 0.28 100.00 14.52 9.68 -0.48 0.43 81.09 18.37 90.32 24.54
yeast 1 1 1 1 8 151.01 100.00 26.05 18.91 -0.27 0.28 100.00 14.52 9.68 -0.48 0.43 81.09 18.37 90.32 24.54
yeast 1 1 1 1 16 151.01 100.00 26.05 18.91 -0.27 0.28 100.00 14.52 9.68 -0.48 0.43 81.09 18.37 90.32 24.54
yeast 1 1 1 1 20 151.01 100.00 26.05 18.91 -0.27 0.28 100.00 14.52 9.68 -0.48 0.43 81.09 18.37 90.32 24.54
yeast 1 1 1 1 32 151.01 100.00 26.05 18.91 -0.27 0.28 100.00 14.52 9.68 -0.48 0.43 81.09 18.37 90.32 24.54
yeast 1 1 1 1 40 151.01 100.00 26.05 18.91 -0.27 0.28 100.00 14.52 9.68 -0.48 0.43 81.09 18.37 90.32 24.54
yeast 1 1 1 1 50 151.01 100.00 26.05 18.91 -0.27 0.28 100.00 14.52 9.68 -0.48 0.43 81.09 18.37 90.32 24.54
yeast 1 1 1 1 60 151.01 100.00 26.05 18.91 -0.27 0.28 100.00 14.52 9.68 -0.48 0.43 81.09 18.37 90.32 24.54
yeast 1 1 1 5 2 144.59 27.31 42.02 21.85 -1.02 1.19 27.42 20.97 11.29 -2.19 1.91 78.15 18.04 88.71 24.31
yeast 1 1 1 5 4 145.57 63.45 48.74 21.01 -0.94 1.11 58.06 24.19 11.29 -2.05 1.79 78.99 16.54 88.71 23.73
yeast 1 1 1 5 8 145.95 90.34 49.16 22.69 -1.13 1.29 91.94 25.81 12.90 -2.36 1.94 77.31 18.31 87.10 24.31
yeast 1 1 1 5 16 146.21 93.70 60.92 27.31 -0.84 1.06 95.16 33.87 6.45 -1.98 1.66 72.69 16.18 93.55 25.12
yeast 1 1 1 5 20 146.18 98.74 63.03 26.89 -0.95 1.14 98.39 40.32 8.06 -2.11 1.77 73.11 16.51 91.94 24.77
yeast 1 1 1 5 32 146.28 99.16 68.91 20.17 -1.02 1.15 100.00 45.16 6.45 -2.15 1.81 79.83 17.95 93.55 25.00
yeast 1 1 1 5 40 146.15 100.00 69.75 23.95 -0.99 1.18 100.00 48.39 9.68 -2.19 1.82 76.05 17.98 90.32 24.88
yeast 1 1 1 5 50 146.00 99.58 73.95 25.21 -0.94 1.14 100.00 48.39 9.68 -2.09 1.78 74.79 16.78 90.32 24.08
yeast 1 1 1 5 60 146.22 100.00 75.63 24.37 -0.96 1.12 100.00 50.00 11.29 -2.09 1.82 75.63 16.21 88.71 24.65
yeast 1 1 1 10 2 145.99 0.00 40.76 33.61 -0.98 1.91 0.00 17.74 14.52 -3.45 3.19 73.95 16.00 87.10 24.65
yeast 1 1 1 10 4 148.41 3.78 49.58 28.15 -1.72 2.34 1.61 27.42 11.29 -4.00 3.54 71.85 16.21 88.71 24.31
yeast 1 1 1 10 8 149.31 27.31 61.34 24.37 -1.77 2.27 22.58 33.87 14.52 -4.20 3.62 75.63 16.87 85.48 24.42
yeast 1 1 1 10 16 149.57 60.92 68.07 27.31 -1.90 2.38 61.29 38.71 14.52 -4.35 3.78 72.69 16.18 85.48 24.08
yeast 1 1 1 10 20 149.61 57.56 72.69 28.57 -1.42 2.11 50.00 41.94 12.90 -3.84 3.48 71.43 16.03 87.10 24.54
yeast 1 1 1 10 32 149.85 88.24 78.57 26.05 -1.82 2.30 90.32 48.39 14.52 -4.17 3.65 73.95 16.06 85.48 24.08
yeast 1 1 1 10 40 149.74 91.60 78.99 27.31 -1.78 2.37 95.16 53.23 14.52 -4.20 3.63 72.69 16.72 85.48 24.19
yeast 1 1 1 10 50 149.61 94.54 79.41 27.31 -1.89 2.47 98.39 51.61 12.90 -4.40 3.92 72.69 16.69 87.10 24.31
yeast 1 1 1 10 60 149.65 99.16 82.35 27.31 -1.88 2.39 98.39 58.06 16.13 -4.36 3.85 72.69 15.97 83.87 24.08
yeast 1 1 1 20 2 151.41 0.00 39.92 35.29 -2.82 5.20 0.00 29.03 17.74 -8.33 8.18 71.01 17.44 82.26 23.27
yeast 1 1 1 20 4 153.58 0.00 47.48 26.05 -3.92 5.52 0.00 38.71 17.74 -9.49 8.70 74.79 18.70 82.26 24.31
yeast 1 1 1 20 8 154.85 0.42 60.08 30.25 -3.24 5.08 0.00 43.55 17.74 -8.38 8.11 69.75 16.42 82.26 23.62
yeast 1 1 1 20 16 155.27 5.88 70.17 28.15 -3.79 5.23 1.61 41.94 17.74 -8.92 8.22 71.85 17.23 82.26 23.50
yeast 1 1 1 20 20 155.35 12.18 78.15 30.25 -3.60 5.08 6.45 56.45 19.35 -8.51 7.94 69.75 16.42 80.65 22.70
yeast 1 1 1 20 32 155.28 18.49 84.03 30.67 -3.26 4.89 14.52 58.06 22.58 -8.06 7.95 69.33 15.61 77.42 22.93
yeast 1 1 1 20 40 155.43 31.51 83.61 29.41 -3.66 5.23 25.81 58.06 16.13 -8.65 8.29 70.59 16.90 83.87 23.50
yeast 1 1 1 20 50 155.55 36.13 89.08 28.99 -3.32 4.87 37.10 61.29 17.74 -8.19 7.60 71.01 16.54 82.26 22.81
yeast 1 1 1 20 60 155.38 39.50 91.60 28.99 -3.52 4.95 35.48 62.90 14.52 -8.37 7.98 71.01 15.82 85.48 23.27
yeast 1 1 1 30 2 152.89 0.00 44.54 32.35 -4.85 8.20 0.00 32.26 17.74 -12.77 12.08 71.43 17.41 83.87 24.54
yeast 1 1 1 30 4 155.28 0.00 57.56 30.25 -5.26 7.97 0.00 38.71 19.35 -13.09 12.32 71.01 17.05 80.65 22.93
yeast 1 1 1 30 8 156.16 0.00 69.33 28.57 -5.09 7.42 0.00 51.61 14.52 -12.73 11.76 71.43 16.00 85.48 24.19
yeast 1 1 1 30 16 156.98 2.94 78.15 28.15 -5.33 7.85 0.00 56.45 14.52 -12.89 12.19 71.85 17.08 85.48 24.54
yeast 1 1 1 30 20 156.84 1.26 83.19 28.57 -4.90 7.04 0.00 59.68 19.35 -11.72 11.29 71.43 15.91 80.65 22.12
yeast 1 1 1 30 32 156.71 13.03 87.39 28.99 -5.19 7.78 8.06 62.90 19.35 -12.54 12.12 71.01 16.75 80.65 22.70
yeast 1 1 1 30 40 156.92 15.97 89.50 28.57 -5.25 7.43 11.29 67.74 12.90 -12.75 11.44 71.43 16.00 87.10 22.58
yeast 1 1 1 30 50 157.09 20.59 90.76 28.57 -5.39 7.38 12.90 70.97 14.52 -12.19 11.48 71.43 16.51 85.48 23.27
yeast 1 1 1 30 60 156.82 23.53 94.96 32.77 -4.52 7.05 20.97 70.97 19.35 -11.90 11.21 67.23 15.40 80.65 23.04
yeast 1 1 1 40 2 154.51 0.00 52.10 33.19 -6.46 10.54 0.00 30.65 20.97 -16.34 17.06 69.75 16.45 80.65 23.04
yeast 1 1 1 40 4 156.67 0.00 68.07 29.83 -6.57 9.84 0.00 45.16 16.13 -16.45 15.65 70.17 15.70 83.87 22.81
yeast 1 1 1 40 8 157.40 0.00 73.11 33.61 -6.62 10.10 0.00 50.00 14.52 -16.70 15.96 66.81 15.31 85.48 23.16
yeast 1 1 1 40 16 157.64 2.10 81.93 28.99 -7.52 10.65 1.61 59.68 16.13 -17.71 16.56 71.01 17.05 83.87 23.50
yeast 1 1 1 40 20 157.69 5.04 84.45 26.47 -7.91 10.66 3.23 59.68 14.52 -18.30 16.56 73.53 17.59 85.48 23.50
yeast 1 1 1 40 32 157.66 8.40 89.92 30.25 -6.79 9.48 8.06 66.13 12.90 -16.51 14.92 69.75 15.82 87.10 23.62
yeast 1 1 1 40 40 157.56 21.85 91.18 25.21 -7.72 10.30 17.74 66.13 16.13 -17.46 16.62 74.79 17.17 83.87 23.16
yeast 1 1 1 40 50 157.76 28.15 93.28 25.21 -7.72 9.94 22.58 67.74 16.13 -17.28 15.61 74.79 16.96 83.87 23.73
yeast 1 1 1 40 60 157.67 39.50 97.06 26.47 -8.48 10.64 38.71 75.81 14.52 -18.07 16.50 73.53 17.05 85.48 22.81
ArD20 1 1 1 1 2 33.70 100.00 97.94 93.83 0.05 0.04 100.00 35.09 21.05 -0.19 0.26 6.17 0.46 78.95 11.25
ArD20 1 1 1 1 4 33.70 100.00 97.94 93.83 0.05 0.04 100.00 35.09 21.05 -0.19 0.26 6.17 0.46 78.95 11.25
ArD20 1 1 1 1 8 33.70 100.00 97.94 93.83 0.05 0.04 100.00 35.09 21.05 -0.19 0.26 6.17 0.46 78.95 11.25
ArD20 1 1 1 1 16 33.70 100.00 97.94 93.83 0.05 0.04 100.00 35.09 21.05 -0.19 0.26 6.17 0.46 78.95 11.25
ArD20 1 1 1 1 20 33.70 100.00 97.94 93.83 0.05 0.04 100.00 35.09 21.05 -0.19 0.26 6.17 0.46 78.95 11.25
ArD20 1 1 1 1 32 33.70 100.00 97.94 93.83 0.05 0.04 100.00 35.09 21.05 -0.19 0.26 6.17 0.46 78.95 11.25
ArD20 1 1 1 1 40 33.70 100.00 97.94 93.83 0.05 0.04 100.00 35.09 21.05 -0.19 0.26 6.17 0.46 78.95 11.25
ArD20 1 1 1 1 50 33.70 100.00 97.94 93.83 0.05 0.04 100.00 35.09 21.05 -0.19 0.26 6.17 0.46 78.95 11.25
ArD20 1 1 1 1 60 33.70 100.00 97.94 93.83 0.05 0.04 100.00 35.09 21.05 -0.19 0.26 6.17 0.46 78.95 11.25
ArD20 1 1 1 5 2 22.13 27.16 100.00 97.94 0.45 0.22 5.26 43.86 31.58 -0.61 1.03 2.06 0.12 73.68 10.42
ArD20 1 1 1 5 4 22.72 87.24 100.00 99.18 0.45 0.15 26.32 59.65 36.84 -0.60 1.04 0.82 0.05 63.16 9.29
ArD20 1 1 1 5 8 23.32 100.00 100.00 99.59 0.44 0.15 57.89 64.91 35.09 -0.60 1.02 0.41 0.02 64.91 9.18
ArD20 1 1 1 5 16 23.69 100.00 100.00 99.59 0.45 0.14 87.72 71.93 33.33 -0.61 1.05 0.41 0.02 66.67 9.49
ArD20 1 1 1 5 20 23.74 100.00 100.00 99.59 0.46 0.13 89.47 71.93 29.82 -0.60 1.02 0.41 0.02 70.18 9.18
ArD20 1 1 1 5 32 23.88 100.00 100.00 99.59 0.46 0.14 94.74 80.70 29.82 -0.59 1.02 0.41 0.02 70.18 9.60
ArD20 1 1 1 5 40 23.90 100.00 100.00 99.59 0.44 0.14 100.00 80.70 29.82 -0.63 1.02 0.41 0.02 70.18 10.11
ArD20 1 1 1 5 50 23.97 100.00 100.00 99.59 0.46 0.13 100.00 84.21 29.82 -0.61 1.04 0.41 0.02 70.18 9.60
ArD20 1 1 1 5 60 23.96 100.00 100.00 99.59 0.45 0.13 100.00 84.21 31.58 -0.60 1.02 0.41 0.02 68.42 9.18
ArD20 1 1 1 10 2 20.18 7.00 100.00 97.94 0.88 0.36 1.75 52.63 29.82 -1.26 2.04 2.06 0.12 73.68 10.11
ArD20 1 1 1 10 4 20.78 59.26 100.00 98.77 0.87 0.31 12.28 57.89 28.07 -1.27 2.00 1.23 0.07 73.68 9.80
ArD20 1 1 1 10 8 21.24 98.77 100.00 99.18 0.91 0.29 42.11 68.42 28.07 -1.27 2.04 0.82 0.05 71.93 8.98
ArD20 1 1 1 10 16 21.55 100.00 100.00 99.18 0.94 0.26 66.67 77.19 29.82 -1.25 1.98 0.82 0.05 70.18 9.70
ArD20 1 1 1 10 20 21.64 100.00 100.00 99.18 0.94 0.27 68.42 78.95 29.82 -1.26 2.04 0.82 0.05 70.18 9.80
ArD20 1 1 1 10 32 21.76 100.00 100.00 99.59 0.92 0.26 85.96 82.46 28.07 -1.26 1.98 0.41 0.02 71.93 9.70
ArD20 1 1 1 10 40 21.77 100.00 100.00 100.00 0.92 0.27 92.98 84.21 29.82 -1.30 2.01 0.00 0.00 70.18 10.32
ArD20 1 1 1 10 50 21.75 100.00 100.00 99.59 0.93 0.25 91.23 87.72 28.07 -1.21 1.93 0.41 0.02 71.93 9.70
ArD20 1 1 1 10 60 21.80 100.00 100.00 99.59 0.92 0.26 96.49 89.47 28.07 -1.26 2.00 0.41 0.02 71.93 9.60
ArD20 1 1 1 20 2 19.26 0.00 100.00 98.35 1.95 0.81 0.00 52.63 33.33 -2.37 4.11 1.65 0.10 70.18 10.01
ArD20 1 1 1 20 4 19.94 15.23 100.00 99.59 1.93 0.59 1.75 64.91 36.84 -2.39 3.91 0.41 0.02 64.91 9.60
ArD20 1 1 1 20 8 20.37 69.14 100.00 100.00 2.00 0.55 15.79 70.18 36.84 -2.40 3.95 0.00 0.00 63.16 9.29
ArD20 1 1 1 20 16 20.62 98.77 100.00 99.59 1.95 0.54 35.09 78.95 33.33 -2.25 3.85 0.41 0.02 66.67 8.77
ArD20 1 1 1 20 20 20.65 99.59 100.00 100.00 1.97 0.53 43.86 78.95 36.84 -2.28 3.92 0.00 0.00 63.16 8.67
ArD20 1 1 1 20 32 20.82 100.00 100.00 99.59 2.05 0.51 63.16 84.21 31.58 -2.31 3.81 0.41 0.02 68.42 8.88
ArD20 1 1 1 20 40 20.77 100.00 100.00 99.59 1.91 0.53 66.67 85.96 35.09 -2.32 3.81 0.41 0.02 64.91 8.46
ArD20 1 1 1 20 50 20.80 100.00 100.00 100.00 2.04 0.51 73.68 85.96 31.58 -2.32 3.84 0.00 0.00 68.42 8.67
ArD20 1 1 1 20 60 20.87 100.00 100.00 100.00 2.00 0.49 80.70 89.47 33.33 -2.25 3.77 0.00 0.00 66.67 9.08
ArD20 1 1 1 30 2 19.46 0.00 100.00 99.59 3.03 0.93 0.00 63.16 36.84 -3.30 5.75 0.41 0.02 63.16 8.88
ArD20 1 1 1 30 4 20.18 5.35 100.00 99.59 2.99 0.86 1.75 78.95 31.58 -3.31 5.68 0.41 0.02 68.42 9.18
ArD20 1 1 1 30 8 20.46 49.38 100.00 100.00 3.17 0.74 10.53 80.70 33.33 -3.11 5.43 0.00 0.00 66.67 8.88
ArD20 1 1 1 30 16 20.58 93.00 100.00 100.00 3.10 0.78 24.56 85.96 38.60 -3.11 5.56 0.00 0.00 61.40 8.36
ArD20 1 1 1 30 20 20.69 98.35 100.00 100.00 3.12 0.74 36.84 85.96 36.84 -3.18 5.67 0.00 0.00 63.16 8.67
ArD20 1 1 1 30 32 20.62 99.59 100.00 100.00 3.09 0.80 45.61 89.47 36.84 -3.11 5.55 0.00 0.00 63.16 8.88
ArD20 1 1 1 30 40 20.73 100.00 100.00 100.00 3.19 0.71 57.89 91.23 36.84 -3.13 5.56 0.00 0.00 63.16 8.57
ArD20 1 1 1 30 50 20.71 100.00 100.00 100.00 3.18 0.73 70.18 91.23 35.09 -3.19 5.64 0.00 0.00 64.91 8.57
ArD20 1 1 1 30 60 20.73 100.00 100.00 100.00 3.16 0.69 75.44 92.98 36.84 -3.17 5.57 0.00 0.00 63.16 8.67
ArD20 1 1 1 40 2 20.02 0.00 100.00 100.00 4.20 1.14 0.00 73.68 33.33 -4.57 7.84 0.00 0.00 66.67 9.39
ArD20 1 1 1 40 4 20.38 4.12 100.00 100.00 4.24 1.08 0.00 77.19 35.09 -4.15 7.56 0.00 0.00 64.91 8.98
ArD20 1 1 1 40 8 20.60 48.56 100.00 100.00 4.35 0.99 8.77 84.21 36.84 -4.09 7.41 0.00 0.00 63.16 8.67
ArD20 1 1 1 40 16 20.75 95.88 100.00 100.00 4.33 0.99 28.07 87.72 33.33 -4.27 7.46 0.00 0.00 66.67 9.08
ArD20 1 1 1 40 20 20.83 97.12 100.00 100.00 4.22 0.99 38.60 87.72 36.84 -4.25 7.61 0.00 0.00 63.16 8.57
ArD20 1 1 1 40 32 20.91 100.00 100.00 100.00 4.37 0.95 45.61 89.47 35.09 -4.22 7.43 0.00 0.00 64.91 8.46
ArD20 1 1 1 40 40 20.87 100.00 100.00 100.00 4.31 0.95 57.89 91.23 35.09 -4.40 7.59 0.00 0.00 64.91 8.77
ArD20 1 1 1 40 50 20.89 100.00 100.00 100.00 4.26 1.00 66.67 91.23 35.09 -4.16 7.57 0.00 0.00 64.91 8.46
ArD20 1 1 1 40 60 20.90 100.00 100.00 100.00 4.25 1.03 73.68 92.98 35.09 -4.10 7.49 0.00 0.00 64.91 8.88
ArD30 1 1 1 1 2 18.15 100.00 93.59 78.21 0.01 0.03 100.00 18.18 12.12 -0.14 0.14 21.79 0.84 87.88 9.09
ArD30 1 1 1 1 4 18.15 100.00 93.59 78.21 0.01 0.03 100.00 18.18 12.12 -0.14 0.14 21.79 0.84 87.88 9.09
ArD30 1 1 1 1 8 18.15 100.00 93.59 78.21 0.01 0.03 100.00 18.18 12.12 -0.14 0.14 21.79 0.84 87.88 9.09
ArD30 1 1 1 1 16 18.15 100.00 93.59 78.21 0.01 0.03 100.00 18.18 12.12 -0.14 0.14 21.79 0.84 87.88 9.09
ArD30 1 1 1 1 20 18.15 100.00 93.59 78.21 0.01 0.03 100.00 18.18 12.12 -0.14 0.14 21.79 0.84 87.88 9.09
ArD30 1 1 1 1 32 18.15 100.00 93.59 78.21 0.01 0.03 100.00 18.18 12.12 -0.14 0.14 21.79 0.84 87.88 9.09
ArD30 1 1 1 1 40 18.15 100.00 93.59 78.21 0.01 0.03 100.00 18.18 12.12 -0.14 0.14 21.79 0.84 87.88 9.09
ArD30 1 1 1 1 50 18.15 100.00 93.59 78.21 0.01 0.03 100.00 18.18 12.12 -0.14 0.14 21.79 0.84 87.88 9.09
ArD30 1 1 1 1 60 18.15 100.00 93.59 78.21 0.01 0.03 100.00 18.18 12.12 -0.14 0.14 21.79 0.84 87.88 9.09
ArD30 1 1 1 5 2 9.01 0.00 77.35 85.90 0.24 0.24 0.00 13.64 28.79 -0.37 0.59 30.77 1.39 92.42 9.20
ArD30 1 1 1 5 4 9.52 2.56 91.88 83.76 0.17 0.18 1.52 28.79 28.79 -0.47 0.60 20.94 0.82 81.82 8.08
ArD30 1 1 1 5 8 9.95 19.23 96.15 82.05 0.13 0.17 7.58 33.33 16.67 -0.51 0.54 19.66 0.82 87.88 8.98
ArD30 1 1 1 5 16 10.66 74.79 99.15 88.03 0.17 0.14 21.21 46.97 16.67 -0.52 0.58 11.97 0.44 84.85 7.97
ArD30 1 1 1 5 20 10.73 88.46 100.00 89.32 0.17 0.13 28.79 48.48 16.67 -0.54 0.57 10.68 0.40 83.33 8.53
ArD30 1 1 1 5 32 10.98 96.58 100.00 93.16 0.18 0.12 36.36 53.03 16.67 -0.51 0.55 6.84 0.25 83.33 8.25
ArD30 1 1 1 5 40 11.09 99.15 100.00 91.88 0.19 0.13 45.45 54.55 16.67 -0.52 0.56 8.12 0.30 83.33 8.42
ArD30 1 1 1 5 50 11.16 100.00 100.00 95.30 0.20 0.12 45.45 62.12 16.67 -0.50 0.53 4.70 0.17 83.33 8.53
ArD30 1 1 1 5 60 11.30 100.00 100.00 94.02 0.20 0.12 60.61 60.61 16.67 -0.52 0.53 5.98 0.22 83.33 8.25
ArD30 1 1 1 10 2 9.25 0.00 84.19 91.45 0.42 0.33 0.00 24.24 28.79 -0.81 1.24 22.65 0.89 89.39 8.42
ArD30 1 1 1 10 4 9.53 0.00 94.44 86.75 0.34 0.32 0.00 34.85 24.24 -0.88 1.22 17.95 0.68 84.85 8.02
ArD30 1 1 1 10 8 9.89 0.00 98.29 89.74 0.34 0.27 0.00 37.88 19.70 -0.94 1.19 11.11 0.41 86.36 8.42
ArD30 1 1 1 10 16 10.35 10.26 99.57 93.59 0.39 0.26 4.55 48.48 12.12 -0.99 1.19 6.41 0.24 87.88 8.14
ArD30 1 1 1 10 20 10.58 19.66 100.00 92.31 0.39 0.27 6.06 53.03 16.67 -0.97 1.18 7.69 0.30 83.33 8.19
ArD30 1 1 1 10 32 10.67 39.74 99.57 92.74 0.39 0.26 9.09 60.61 15.15 -0.99 1.17 7.26 0.27 84.85 7.69
ArD30 1 1 1 10 40 10.73 55.13 100.00 93.59 0.42 0.25 10.61 59.09 15.15 -0.95 1.15 6.41 0.25 84.85 8.14
ArD30 1 1 1 10 50 10.91 66.67 100.00 93.16 0.42 0.25 18.18 60.61 15.15 -0.94 1.09 6.84 0.28 84.85 8.02
ArD30 1 1 1 10 60 10.90 76.92 100.00 94.87 0.43 0.25 18.18 65.15 12.12 -1.00 1.16 5.13 0.19 87.88 8.08
ArD30 1 1 1 20 2 8.14 0.00 76.07 91.88 0.98 0.76 0.00 22.73 31.82 -1.17 2.33 29.06 1.27 86.36 8.19
ArD30 1 1 1 20 4 8.51 0.00 89.32 91.03 0.84 0.68 0.00 30.30 28.79 -1.32 2.12 18.38 0.71 87.88 8.14
ArD30 1 1 1 20 8 8.99 0.00 98.72 92.74 0.84 0.57 0.00 46.97 22.73 -1.60 2.23 8.55 0.32 83.33 7.74
ArD30 1 1 1 20 16 9.40 0.00 100.00 93.59 0.91 0.53 0.00 59.09 18.18 -1.55 2.14 6.41 0.24 83.33 7.18
ArD30 1 1 1 20 20 9.35 0.00 99.57 93.59 0.89 0.55 0.00 63.64 24.24 -1.55 2.10 6.41 0.24 78.79 7.07
ArD30 1 1 1 20 32 9.52 0.43 100.00 92.31 0.91 0.54 0.00 68.18 22.73 -1.58 2.19 7.69 0.28 77.27 6.62
ArD30 1 1 1 20 40 9.70 1.28 100.00 94.44 0.91 0.54 0.00 69.70 21.21 -1.66 2.14 5.56 0.21 80.30 7.07
ArD30 1 1 1 20 50 9.72 4.70 100.00 94.44 0.98 0.52 1.52 78.79 21.21 -1.56 2.22 5.56 0.22 78.79 7.69
ArD30 1 1 1 20 60 9.83 8.12 100.00 95.73 0.97 0.50 1.52 77.27 22.73 -1.65 2.20 4.27 0.16 77.27 7.13
ArD30 1 1 1 30 2 8.12 0.00 69.66 84.62 1.30 1.31 0.00 18.18 33.33 -1.74 3.25 41.03 1.74 92.42 8.31
ArD30 1 1 1 30 4 8.81 0.00 94.44 91.03 1.26 0.88 0.00 34.85 27.27 -2.40 3.45 14.10 0.55 81.82 7.41
ArD30 1 1 1 30 8 9.25 0.00 98.29 93.59 1.36 0.84 0.00 48.48 22.73 -2.58 3.43 7.26 0.27 81.82 7.41
ArD30 1 1 1 30 16 9.45 0.00 100.00 97.01 1.45 0.76 0.00 57.58 24.24 -2.45 3.18 2.99 0.11 80.30 7.46
ArD30 1 1 1 30 20 9.49 0.00 100.00 95.30 1.46 0.76 0.00 71.21 21.21 -2.40 3.28 4.70 0.17 81.82 7.24
ArD30 1 1 1 30 32 9.76 0.00 100.00 97.01 1.54 0.73 0.00 71.21 19.70 -2.51 3.25 2.99 0.11 81.82 7.80
ArD30 1 1 1 30 40 9.88 0.85 100.00 96.58 1.57 0.74 0.00 77.27 22.73 -2.34 3.20 3.42 0.13 78.79 7.13
ArD30 1 1 1 30 50 9.88 2.14 100.00 95.30 1.53 0.76 1.52 74.24 19.70 -2.51 3.24 4.70 0.17 81.82 7.69
ArD30 1 1 1 30 60 9.93 3.85 100.00 95.73 1.54 0.75 1.52 75.76 21.21 -2.46 3.29 4.27 0.16 80.30 7.01
ArD30 1 1 1 40 2 8.45 0.00 79.49 91.88 2.12 1.51 0.00 30.30 27.27 -2.39 4.61 26.50 1.03 86.36 7.91
ArD30 1 1 1 40 4 8.70 0.00 90.17 89.32 1.79 1.30 0.00 40.91 25.76 -2.80 4.35 20.09 0.76 80.30 7.74
ArD30 1 1 1 40 8 9.06 0.00 98.29 95.73 1.92 1.09 0.00 48.48 25.76 -3.02 4.15 5.56 0.21 77.27 7.01
ArD30 1 1 1 40 16 9.35 0.00 100.00 92.31 1.93 1.13 0.00 63.64 21.21 -3.05 4.24 7.69 0.28 81.82 7.30
ArD30 1 1 1 40 20 9.48 0.00 100.00 96.15 2.05 0.99 0.00 63.64 24.24 -2.94 4.16 3.85 0.14 80.30 6.85
ArD30 1 1 1 40 32 9.64 0.00 100.00 94.02 2.12 1.04 0.00 77.27 22.73 -3.15 4.41 5.98 0.22 77.27 7.46
ArD30 1 1 1 40 40 9.71 0.00 100.00 95.73 2.20 0.99 0.00 81.82 21.21 -2.98 4.13 4.27 0.16 78.79 7.24
ArD30 1 1 1 40 50 9.75 0.43 100.00 96.58 2.22 0.99 0.00 86.36 19.70 -3.03 4.30 3.42 0.13 80.30 7.24
ArD30 1 1 1 40 60 9.89 1.71 100.00 95.73 2.21 0.99 1.52 83.33 19.70 -3.01 4.21 4.27 0.16 80.30 7.01
medical 1 1 1 1 2 3.37 100.00 100.00 99.59 0.03 0.00 100.00 51.85 25.93 -0.01 0.03 0.41 0.01 74.07 2.40
medical 1 1 1 1 4 3.37 100.00 100.00 99.59 0.03 0.00 100.00 51.85 25.93 -0.01 0.03 0.41 0.01 74.07 2.40
medical 1 1 1 1 8 3.37 100.00 100.00 99.59 0.03 0.00 100.00 51.85 25.93 -0.01 0.03 0.41 0.01 74.07 2.40
medical 1 1 1 1 16 3.37 100.00 100.00 99.59 0.03 0.00 100.00 51.85 25.93 -0.01 0.03 0.41 0.01 74.07 2.40
medical 1 1 1 1 20 3.37 100.00 100.00 99.59 0.03 0.00 100.00 51.85 25.93 -0.01 0.03 0.41 0.01 74.07 2.40
medical 1 1 1 1 32 3.37 100.00 100.00 99.59 0.03 0.00 100.00 51.85 25.93 -0.01 0.03 0.41 0.01 74.07 2.40
medical 1 1 1 1 40 3.37 100.00 100.00 99.59 0.03 0.00 100.00 51.85 25.93 -0.01 0.03 0.41 0.01 74.07 2.40
medical 1 1 1 1 50 3.37 100.00 100.00 99.59 0.03 0.00 100.00 51.85 25.93 -0.01 0.03 0.41 0.01 74.07 2.40
medical 1 1 1 1 60 3.37 100.00 100.00 99.59 0.03 0.00 100.00 51.85 25.93 -0.01 0.03 0.41 0.01 74.07 2.40
medical 1 1 1 5 2 3.34 100.00 100.00 100.00 0.19 0.03 96.30 59.26 25.93 -0.04 0.12 0.00 0.00 74.07 2.44
medical 1 1 1 5 4 3.34 100.00 100.00 100.00 0.17 0.03 100.00 74.07 25.93 -0.05 0.12 0.00 0.00 74.07 2.48
medical 1 1 1 5 8 3.34 100.00 100.00 100.00 0.16 0.02 100.00 81.48 25.93 -0.05 0.12 0.00 0.00 74.07 2.44
medical 1 1 1 5 16 3.34 100.00 100.00 100.00 0.16 0.02 100.00 81.48 25.93 -0.05 0.12 0.00 0.00 74.07 2.44
medical 1 1 1 5 20 3.34 100.00 100.00 100.00 0.16 0.02 100.00 81.48 25.93 -0.05 0.12 0.00 0.00 74.07 2.53
medical 1 1 1 5 32 3.34 100.00 100.00 100.00 0.16 0.02 100.00 85.19 25.93 -0.05 0.12 0.00 0.00 74.07 2.53
medical 1 1 1 5 40 3.34 100.00 100.00 100.00 0.16 0.02 100.00 88.89 25.93 -0.05 0.12 0.00 0.00 74.07 2.57
medical 1 1 1 5 50 3.34 100.00 100.00 100.00 0.16 0.02 100.00 90.74 25.93 -0.05 0.12 0.00 0.00 74.07 2.57
medical 1 1 1 5 60 3.34 100.00 100.00 100.00 0.16 0.02 100.00 90.74 25.93 -0.05 0.12 0.00 0.00 74.07 2.57
medical 1 1 1 10 2 3.33 100.00 100.00 100.00 0.39 0.06 98.15 62.96 25.93 -0.09 0.24 0.00 0.00 74.07 2.48
medical 1 1 1 10 4 3.33 100.00 100.00 100.00 0.35 0.06 100.00 74.07 25.93 -0.09 0.24 0.00 0.00 74.07 2.44
medical 1 1 1 10 8 3.33 100.00 100.00 100.00 0.32 0.06 100.00 81.48 25.93 -0.09 0.24 0.00 0.00 74.07 2.44
medical 1 1 1 10 16 3.33 100.00 100.00 100.00 0.31 0.05 100.00 81.48 25.93 -0.09 0.24 0.00 0.00 74.07 2.44
medical 1 1 1 10 20 3.33 100.00 100.00 100.00 0.31 0.05 100.00 83.33 25.93 -0.09 0.24 0.00 0.00 74.07 2.44
medical 1 1 1 10 32 3.33 100.00 100.00 100.00 0.31 0.05 100.00 92.59 25.93 -0.09 0.24 0.00 0.00 74.07 2.44
medical 1 1 1 10 40 3.33 100.00 100.00 100.00 0.31 0.05 100.00 92.59 25.93 -0.09 0.24 0.00 0.00 74.07 2.44
medical 1 1 1 10 50 3.33 100.00 100.00 100.00 0.31 0.05 100.00 92.59 25.93 -0.09 0.24 0.00 0.00 74.07 2.44
medical 1 1 1 10 60 3.33 100.00 100.00 100.00 0.31 0.05 100.00 92.59 25.93 -0.09 0.24 0.00 0.00 74.07 2.44
medical 1 1 1 20 2 3.33 100.00 100.00 100.00 0.84 0.11 98.15 68.52 25.93 -0.18 0.53 0.00 0.00 74.07 2.53
medical 1 1 1 20 4 3.33 100.00 100.00 100.00 0.77 0.11 100.00 79.63 25.93 -0.18 0.53 0.00 0.00 74.07 2.53
medical 1 1 1 20 8 3.33 100.00 100.00 100.00 0.72 0.11 100.00 83.33 25.93 -0.18 0.52 0.00 0.00 74.07 2.53
medical 1 1 1 20 16 3.33 100.00 100.00 100.00 0.71 0.10 100.00 83.33 25.93 -0.18 0.52 0.00 0.00 74.07 2.57
medical 1 1 1 20 20 3.33 100.00 100.00 100.00 0.71 0.10 100.00 83.33 25.93 -0.18 0.52 0.00 0.00 74.07 2.53
medical 1 1 1 20 32 3.33 100.00 100.00 100.00 0.71 0.10 100.00 92.59 25.93 -0.18 0.52 0.00 0.00 74.07 2.44
medical 1 1 1 20 40 3.33 100.00 100.00 100.00 0.71 0.10 100.00 94.44 25.93 -0.18 0.52 0.00 0.00 74.07 2.48
medical 1 1 1 20 50 3.33 100.00 100.00 100.00 0.71 0.10 100.00 94.44 25.93 -0.18 0.52 0.00 0.00 74.07 2.48
medical 1 1 1 20 60 3.33 100.00 100.00 100.00 0.71 0.10 100.00 94.44 25.93 -0.18 0.52 0.00 0.00 74.07 2.44
medical 1 1 1 30 2 3.33 100.00 100.00 100.00 1.27 0.16 98.15 68.52 25.93 -0.27 0.79 0.00 0.00 74.07 2.48
medical 1 1 1 30 4 3.33 100.00 100.00 100.00 1.19 0.16 100.00 81.48 25.93 -0.27 0.79 0.00 0.00 74.07 2.53
medical 1 1 1 30 8 3.33 100.00 100.00 100.00 1.14 0.16 100.00 83.33 25.93 -0.28 0.79 0.00 0.00 74.07 2.53
medical 1 1 1 30 16 3.33 100.00 100.00 100.00 1.13 0.16 100.00 85.19 25.93 -0.28 0.78 0.00 0.00 74.07 2.53
medical 1 1 1 30 20 3.33 100.00 100.00 100.00 1.13 0.16 100.00 87.04 25.93 -0.28 0.78 0.00 0.00 74.07 2.44
medical 1 1 1 30 32 3.33 100.00 100.00 100.00 1.13 0.16 100.00 92.59 25.93 -0.28 0.78 0.00 0.00 74.07 2.53
medical 1 1 1 30 40 3.33 100.00 100.00 100.00 1.13 0.16 100.00 94.44 25.93 -0.28 0.78 0.00 0.00 74.07 2.44
medical 1 1 1 30 50 3.33 100.00 100.00 100.00 1.13 0.16 100.00 94.44 25.93 -0.29 0.79 0.00 0.00 74.07 2.44
medical 1 1 1 30 60 3.33 100.00 100.00 100.00 1.13 0.16 100.00 94.44 25.93 -0.29 0.79 0.00 0.00 74.07 2.53
medical 1 1 1 40 2 3.33 100.00 100.00 100.00 1.72 0.21 98.15 66.67 25.93 -0.36 1.07 0.00 0.00 74.07 2.44
medical 1 1 1 40 4 3.33 100.00 100.00 100.00 1.62 0.21 100.00 81.48 25.93 -0.36 1.07 0.00 0.00 74.07 2.44
medical 1 1 1 40 8 3.33 100.00 100.00 100.00 1.60 0.21 100.00 85.19 25.93 -0.36 1.07 0.00 0.00 74.07 2.44
medical 1 1 1 40 16 3.33 100.00 100.00 100.00 1.60 0.21 100.00 87.04 25.93 -0.36 1.07 0.00 0.00 74.07 2.44
medical 1 1 1 40 20 3.33 100.00 100.00 100.00 1.60 0.21 100.00 87.04 25.93 -0.37 1.07 0.00 0.00 74.07 2.44
medical 1 1 1 40 32 3.33 100.00 100.00 100.00 1.60 0.21 100.00 94.44 25.93 -0.36 1.07 0.00 0.00 74.07 2.44
medical 1 1 1 40 40 3.33 100.00 100.00 100.00 1.60 0.21 100.00 94.44 25.93 -0.36 1.07 0.00 0.00 74.07 2.44
medical 1 1 1 40 50 3.33 100.00 100.00 100.00 1.60 0.21 100.00 94.44 25.93 -0.37 1.08 0.00 0.00 74.07 2.44
medical 1 1 1 40 60 3.33 100.00 100.00 100.00 1.60 0.21 100.00 96.30 25.93 -0.36 1.06 0.00 0.00 74.07 2.40
cancer 1 1 1 1 2 5.66 100.00 99.20 99.20 0.02 0.01 100.00 45.10 45.10 -0.16 0.39 0.80 0.24 54.90 11.05
cancer 1 1 1 1 4 5.66 100.00 99.20 99.20 0.02 0.01 100.00 45.10 45.10 -0.16 0.39 0.80 0.24 54.90 11.05
cancer 1 1 1 1 8 5.66 100.00 99.20 99.20 0.02 0.01 100.00 45.10 45.10 -0.16 0.39 0.80 0.24 54.90 11.05
cancer 1 1 1 1 16 5.66 100.00 99.20 99.20 0.02 0.01 100.00 45.10 45.10 -0.16 0.39 0.80 0.24 54.90 11.05
cancer 1 1 1 1 20 5.66 100.00 99.20 99.20 0.02 0.01 100.00 45.10 45.10 -0.16 0.39 0.80 0.24 54.90 11.05
cancer 1 1 1 1 32 5.66 100.00 99.20 99.20 0.02 0.01 100.00 45.10 45.10 -0.16 0.39 0.80 0.24 54.90 11.05
cancer 1 1 1 1 40 5.66 100.00 99.20 99.20 0.02 0.01 100.00 45.10 45.10 -0.16 0.39 0.80 0.24 54.90 11.05
cancer 1 1 1 1 50 5.66 100.00 99.20 99.20 0.02 0.01 100.00 45.10 45.10 -0.16 0.39 0.80 0.24 54.90 11.05
cancer 1 1 1 1 60 5.66 100.00 99.20 99.20 0.02 0.01 100.00 45.10 45.10 -0.16 0.39 0.80 0.24 54.90 11.05
cancer 1 1 1 5 2 5.75 98.39 98.80 97.59 0.10 0.18 86.27 50.98 47.06 -0.78 2.01 2.41 0.33 54.90 12.61
cancer 1 1 1 5 4 5.75 99.20 98.80 98.80 0.10 0.10 88.24 52.94 45.10 -0.78 1.97 1.20 0.25 54.90 12.55
cancer 1 1 1 5 8 5.75 99.20 98.80 98.39 0.09 0.18 90.20 52.94 45.10 -0.78 1.93 1.61 0.26 54.90 12.03
cancer 1 1 1 5 16 5.77 99.20 99.20 98.80 0.10 0.10 92.16 54.90 45.10 -0.78 1.99 1.20 0.25 54.90 12.91
cancer 1 1 1 5 20 5.76 99.20 99.20 98.39 0.09 0.20 90.20 58.82 45.10 -0.78 1.94 1.61 0.26 54.90 11.86
cancer 1 1 1 5 32 5.77 99.20 99.20 98.80 0.10 0.09 92.16 64.71 47.06 -0.78 1.98 1.20 0.25 54.90 12.48
cancer 1 1 1 5 40 5.76 99.20 99.20 98.80 0.11 0.11 92.16 62.75 47.06 -0.77 1.99 1.20 0.25 54.90 11.57
cancer 1 1 1 5 50 5.76 99.20 99.20 98.80 0.10 0.16 92.16 64.71 47.06 -0.78 1.97 1.20 0.25 54.90 12.39
cancer 1 1 1 5 60 5.77 99.20 99.20 99.20 0.10 0.17 92.16 64.71 47.06 -0.78 1.99 0.80 0.28 54.90 12.78
cancer 1 1 1 10 2 5.70 98.80 99.20 98.39 0.26 0.19 84.31 50.98 49.02 -1.52 3.94 1.61 0.25 54.90 13.10
cancer 1 1 1 10 4 5.70 99.20 98.80 98.39 0.24 0.29 86.27 52.94 45.10 -1.55 3.95 1.61 0.31 54.90 12.58
cancer 1 1 1 10 8 5.70 99.20 99.20 99.20 0.22 0.51 88.24 54.90 45.10 -1.53 3.84 0.80 0.25 54.90 12.29
cancer 1 1 1 10 16 5.71 99.20 99.20 98.80 0.25 0.25 92.16 60.78 45.10 -1.57 3.97 1.20 0.25 54.90 13.66
cancer 1 1 1 10 20 5.71 99.20 99.20 98.80 0.24 0.41 92.16 60.78 45.10 -1.59 3.99 1.20 0.31 54.90 12.19
cancer 1 1 1 10 32 5.70 100.00 99.20 99.20 0.22 0.60 90.20 58.82 45.10 -1.54 3.84 0.80 0.24 54.90 12.25
cancer 1 1 1 10 40 5.72 99.20 99.20 99.20 0.24 0.29 92.16 64.71 45.10 -1.56 3.93 0.80 0.29 54.90 10.46
cancer 1 1 1 10 50 5.71 100.00 99.60 99.20 0.24 0.39 92.16 62.75 45.10 -1.60 4.01 0.80 0.25 54.90 12.52
cancer 1 1 1 10 60 5.72 99.20 99.20 98.80 0.25 0.16 92.16 64.71 45.10 -1.55 3.91 1.20 0.25 54.90 11.31
cancer 1 1 1 20 2 5.70 98.39 99.20 98.80 0.50 0.71 82.35 52.94 47.06 -3.10 8.02 1.20 0.30 54.90 10.85
cancer 1 1 1 20 4 5.69 99.20 99.60 99.20 0.47 1.12 86.27 56.86 47.06 -3.04 7.72 0.80 0.25 54.90 12.09
cancer 1 1 1 20 8 5.70 99.20 99.20 98.80 0.50 0.74 86.27 60.78 45.10 -3.14 7.97 1.20 0.31 54.90 10.52
cancer 1 1 1 20 16 5.70 99.20 99.20 99.20 0.52 0.52 88.24 60.78 47.06 -3.09 7.91 0.80 0.24 54.90 11.21
cancer 1 1 1 20 20 5.71 99.20 99.20 98.80 0.51 0.57 90.20 60.78 47.06 -3.06 7.86 1.20 0.25 54.90 12.45
cancer 1 1 1 20 32 5.71 99.20 99.20 98.80 0.52 0.48 90.20 64.71 45.10 -3.09 7.88 1.20 0.25 54.90 10.52
cancer 1 1 1 20 40 5.71 99.20 99.20 98.80 0.53 0.37 92.16 66.67 45.10 -3.10 7.92 1.20 0.25 54.90 11.21
cancer 1 1 1 20 50 5.72 99.20 99.20 98.80 0.55 0.34 92.16 66.67 45.10 -3.12 7.95 1.20 0.25 54.90 12.68
cancer 1 1 1 20 60 5.72 99.20 99.20 99.20 0.54 0.35 92.16 66.67 45.10 -3.12 7.96 0.80 0.24 54.90 11.01
cancer 1 1 1 30 2 5.75 98.80 99.20 98.80 0.87 0.46 84.31 54.90 47.06 -4.59 11.94 1.20 0.25 54.90 11.01
cancer 1 1 1 30 4 5.76 99.20 99.20 98.80 0.86 0.51 86.27 56.86 47.06 -4.60 11.86 1.20 0.25 54.90 11.27
cancer 1 1 1 30 8 5.76 99.20 99.20 99.20 0.87 0.57 88.24 60.78 47.06 -4.65 11.94 0.80 0.24 54.90 11.86
cancer 1 1 1 30 16 5.76 99.20 99.20 98.80 0.89 0.57 88.24 60.78 49.02 -4.68 12.00 1.20 0.25 54.90 12.58
cancer 1 1 1 30 20 5.76 99.20 99.20 98.80 0.87 0.58 90.20 62.75 47.06 -4.68 11.96 1.20 0.25 54.90 11.44
cancer 1 1 1 30 32 5.77 99.20 99.20 98.80 0.88 0.60 92.16 64.71 47.06 -4.71 12.07 1.20 0.25 54.90 12.42
cancer 1 1 1 30 40 5.77 99.20 99.20 98.80 0.88 0.57 92.16 66.67 47.06 -4.69 12.03 1.20 0.25 54.90 12.09
cancer 1 1 1 30 50 5.77 99.20 99.20 98.80 0.89 0.53 92.16 66.67 47.06 -4.67 11.98 1.20 0.25 54.90 11.47
cancer 1 1 1 30 60 5.77 99.20 99.20 98.80 0.89 0.53 92.16 66.67 47.06 -4.64 11.95 1.20 0.25 54.90 11.34
cancer 1 1 1 40 2 5.75 98.80 99.20 98.80 1.15 0.84 82.35 54.90 47.06 -6.25 16.07 1.20 0.25 54.90 11.63
cancer 1 1 1 40 4 5.76 99.20 99.20 98.80 1.17 0.80 86.27 56.86 45.10 -6.27 16.06 1.20 0.25 54.90 13.99
cancer 1 1 1 40 8 5.76 99.20 99.20 98.80 1.11 1.49 88.24 60.78 49.02 -6.28 16.08 1.20 0.30 54.90 12.48
cancer 1 1 1 40 16 5.76 99.20 99.20 98.80 1.17 0.86 88.24 60.78 47.06 -6.27 16.05 1.20 0.25 54.90 12.29
cancer 1 1 1 40 20 5.76 99.20 99.20 99.20 1.17 0.64 90.20 62.75 45.10 -6.20 15.81 0.80 0.24 54.90 11.11
cancer 1 1 1 40 32 5.76 99.20 99.20 98.80 1.19 0.91 92.16 64.71 47.06 -6.35 16.02 1.20 0.25 54.90 12.71
cancer 1 1 1 40 40 5.77 99.20 99.20 99.20 1.17 0.81 92.16 64.71 47.06 -6.32 16.04 0.80 0.24 54.90 12.61
cancer 1 1 1 40 50 5.77 99.20 99.20 99.20 1.20 0.79 92.16 64.71 45.10 -6.35 16.07 0.80 0.24 54.90 12.78
cancer 1 1 1 40 60 5.77 99.20 99.20 98.80 1.19 0.81 92.16 66.67 49.02 -6.29 16.03 1.20 0.25 54.90 12.55
fp 1 1 1 1 2 0.46 100.00 96.65 96.23 0.00 0.01 100.00 6.56 6.56 -0.14 0.12 3.77 0.12 93.44 9.85
fp 1 1 1 1 4 0.46 100.00 96.65 96.23 0.00 0.01 100.00 6.56 6.56 -0.14 0.12 3.77 0.12 93.44 9.85
fp 1 1 1 1 8 0.46 100.00 96.65 96.23 0.00 0.01 100.00 6.56 6.56 -0.14 0.12 3.77 0.12 93.44 9.85
fp 1 1 1 1 16 0.46 100.00 96.65 96.23 0.00 0.01 100.00 6.56 6.56 -0.14 0.12 3.77 0.12 93.44 9.85
fp 1 1 1 1 20 0.46 100.00 96.65 96.23 0.00 0.01 100.00 6.56 6.56 -0.14 0.12 3.77 0.12 93.44 9.85
fp 1 1 1 1 32 0.46 100.00 96.65 96.23 0.00 0.01 100.00 6.56 6.56 -0.14 0.12 3.77 0.12 93.44 9.85
fp 1 1 1 1 40 0.46 100.00 96.65 96.23 0.00 0.01 100.00 6.56 6.56 -0.14 0.12 3.77 0.12 93.44 9.85
fp 1 1 1 1 50 0.46 100.00 96.65 96.23 0.00 0.01 100.00 6.56 6.56 -0.14 0.12 3.77 0.12 93.44 9.85
fp 1 1 1 1 60 0.46 100.00 96.65 96.23 0.00 0.01 100.00 6.56 6.56 -0.14 0.12 3.77 0.12 93.44 9.85
fp 1 1 1 5 2 0.46 59.00 89.12 87.03 0.00 0.07 8.20 6.56 6.56 -0.74 0.59 15.48 0.17 93.44 9.92
fp 1 1 1 5 4 0.46 69.46 92.05 88.28 0.00 0.07 11.48 6.56 6.56 -0.74 0.60 14.23 0.17 93.44 9.94
fp 1 1 1 5 8 0.46 74.90 95.40 88.28 0.00 0.07 14.75 6.56 3.28 -0.74 0.60 12.55 0.16 96.72 9.89
fp 1 1 1 5 16 0.47 86.19 95.82 86.19 0.00 0.07 18.03 6.56 4.92 -0.74 0.59 14.23 0.17 95.08 9.85
fp 1 1 1 5 20 0.47 84.94 95.40 86.61 0.00 0.07 16.39 6.56 6.56 -0.74 0.59 14.23 0.16 93.44 9.90
fp 1 1 1 5 32 0.47 89.12 95.82 89.54 0.00 0.07 18.03 6.56 6.56 -0.74 0.59 11.30 0.15 93.44 9.91
fp 1 1 1 5 40 0.47 88.28 96.23 87.87 0.00 0.07 19.67 6.56 4.92 -0.74 0.59 12.13 0.15 95.08 9.88
fp 1 1 1 5 50 0.47 91.21 95.82 88.70 0.00 0.07 18.03 6.56 6.56 -0.74 0.59 11.30 0.15 93.44 9.80
fp 1 1 1 5 60 0.47 92.05 97.49 87.45 0.00 0.07 18.03 6.56 4.92 -0.74 0.59 12.55 0.15 95.08 9.94
fp 1 1 1 10 2 0.46 47.70 90.38 87.03 0.01 0.13 9.84 6.56 3.28 -1.47 1.18 15.90 0.17 96.72 9.84
fp 1 1 1 10 4 0.46 61.92 93.72 88.70 0.01 0.14 13.11 6.56 4.92 -1.48 1.18 11.72 0.16 95.08 9.85
fp 1 1 1 10 8 0.46 69.04 94.98 86.19 0.01 0.13 13.11 6.56 3.28 -1.48 1.18 14.64 0.16 96.72 9.84
fp 1 1 1 10 16 0.46 75.73 95.82 89.54 0.01 0.14 13.11 6.56 4.92 -1.48 1.17 10.88 0.15 95.08 9.87
fp 1 1 1 10 20 0.46 77.41 96.23 88.70 0.01 0.13 14.75 6.56 4.92 -1.50 1.20 11.30 0.15 95.08 9.99
fp 1 1 1 10 32 0.46 82.01 96.23 89.12 0.01 0.14 16.39 6.56 4.92 -1.48 1.18 11.30 0.16 95.08 9.81
fp 1 1 1 10 40 0.46 82.43 95.82 88.70 0.01 0.13 16.39 6.56 3.28 -1.48 1.17 11.30 0.15 96.72 9.75
fp 1 1 1 10 50 0.47 82.85 96.65 87.03 0.01 0.14 18.03 6.56 4.92 -1.47 1.18 12.97 0.16 95.08 9.80
fp 1 1 1 10 60 0.46 85.77 96.65 87.87 0.01 0.14 16.39 6.56 6.56 -1.47 1.17 12.55 0.17 93.44 9.83
fp 1 1 1 20 2 0.46 44.35 92.05 87.45 0.02 0.28 8.20 6.56 4.92 -2.95 2.37 16.32 0.18 95.08 9.74
fp 1 1 1 20 4 0.46 53.97 95.40 89.12 0.02 0.28 9.84 6.56 4.92 -2.92 2.34 11.30 0.16 95.08 9.83
fp 1 1 1 20 8 0.46 63.60 95.40 89.54 0.02 0.27 13.11 6.56 4.92 -2.92 2.34 10.88 0.15 95.08 9.88
fp 1 1 1 20 16 0.46 69.04 97.07 90.38 0.02 0.28 14.75 6.56 6.56 -2.91 2.34 9.62 0.14 93.44 9.78
fp 1 1 1 20 20 0.46 70.71 97.07 89.12 0.02 0.27 13.11 6.56 3.28 -2.95 2.36 10.88 0.15 96.72 9.78
fp 1 1 1 20 32 0.46 75.73 96.23 90.79 0.02 0.27 16.39 6.56 6.56 -2.90 2.34 9.21 0.15 93.44 9.86
fp 1 1 1 20 40 0.46 76.99 97.49 91.63 0.02 0.28 16.39 6.56 6.56 -2.93 2.35 8.37 0.14 93.44 9.91
fp 1 1 1 20 50 0.46 78.24 97.49 89.12 0.02 0.27 16.39 6.56 6.56 -2.91 2.36 10.88 0.16 93.44 9.80
fp 1 1 1 20 60 0.46 78.24 97.07 88.70 0.02 0.28 16.39 6.56 4.92 -2.94 2.35 11.30 0.16 95.08 9.70
fp 1 1 1 30 2 0.46 41.84 94.14 88.70 0.03 0.44 6.56 6.56 4.92 -4.46 3.62 12.97 0.16 95.08 9.78
fp 1 1 1 30 4 0.46 52.72 96.23 90.38 0.03 0.43 9.84 6.56 4.92 -4.45 3.56 10.04 0.15 95.08 9.74
fp 1 1 1 30 8 0.46 60.67 95.82 89.54 0.03 0.42 9.84 6.56 4.92 -4.46 3.58 10.88 0.15 95.08 9.82
fp 1 1 1 30 16 0.47 65.27 96.23 90.38 0.03 0.42 13.11 6.56 4.92 -4.44 3.57 10.04 0.15 95.08 9.86
fp 1 1 1 30 20 0.47 68.20 97.07 90.79 0.03 0.43 13.11 6.56 6.56 -4.43 3.56 9.62 0.15 93.44 9.85
fp 1 1 1 30 32 0.47 73.64 97.49 89.96 0.03 0.43 16.39 6.56 6.56 -4.43 3.59 10.04 0.14 93.44 9.77
fp 1 1 1 30 40 0.47 73.64 96.65 91.21 0.03 0.43 16.39 6.56 6.56 -4.46 3.57 8.79 0.14 93.44 9.93
fp 1 1 1 30 50 0.47 76.57 96.65 89.96 0.03 0.42 18.03 6.56 6.56 -4.46 3.55 10.04 0.15 93.44 9.80
fp 1 1 1 30 60 0.47 76.99 97.91 90.38 0.03 0.42 16.39 6.56 6.56 -4.41 3.52 9.62 0.15 93.44 9.86
fp 1 1 1 40 2 0.46 42.68 94.56 89.12 0.04 0.56 8.20 6.56 6.56 -5.91 4.74 12.13 0.15 93.44 9.84
fp 1 1 1 40 4 0.46 51.46 95.40 89.96 0.05 0.54 9.84 6.56 6.56 -5.94 4.76 10.88 0.15 93.44 9.78
fp 1 1 1 40 8 0.46 59.41 97.07 91.21 0.05 0.55 9.84 6.56 6.56 -5.93 4.70 9.21 0.15 93.44 9.92
fp 1 1 1 40 16 0.47 65.69 97.07 92.05 0.04 0.59 11.48 6.56 6.56 -5.89 4.68 7.95 0.14 93.44 9.91
fp 1 1 1 40 20 0.46 67.36 96.65 89.96 0.05 0.53 13.11 6.56 6.56 -5.91 4.71 10.46 0.15 93.44 9.83
fp 1 1 1 40 32 0.46 67.36 96.65 89.96 0.05 0.53 13.11 6.56 6.56 -5.91 4.71 10.46 0.15 93.44 9.83
fp 1 1 1 40 40 0.47 72.80 97.07 91.63 0.05 0.56 14.75 6.56 4.92 -5.90 4.69 8.37 0.14 95.08 9.89
fp 1 1 1 40 50 0.47 76.57 97.49 91.63 0.05 0.56 16.39 6.56 6.56 -5.88 4.70 8.37 0.14 93.44 9.82
fp 1 1 1 40 60 0.47 78.66 97.91 92.05 0.05 0.59 18.03 6.56 6.56 -5.88 4.68 7.95 0.14 93.44 9.84
